CODIGO,POB18,HOMBRES,MUJERES
02001,757,363,394
02002,529,300,229
02003,173050,84613,88437
02004,693,357,336
02005,650,339,311
02006,655,356,299
02007,1199,639,560
02008,1405,724,681
02009,24537,12215,12322
02010,2275,1183,1092
02011,638,341,297
02012,2360,1205,1155
02014,409,208,201
02013,150,85,65
02015,1864,941,923
02016,610,326,284
02017,873,462,411
02018,1057,538,519
02019,2837,1447,1390
02020,508,279,229
02021,1275,669,606
02022,344,194,150
02023,588,311,277
02024,4522,2291,2231
02025,10003,5089,4914
02026,1182,601,581
02029,4182,2183,1999
02027,330,177,153
02028,128,64,64
02030,3624,1819,1805
02031,674,327,347
02032,297,168,129
02033,2489,1303,1186
02034,1816,912,904
02035,2448,1259,1189
02036,110,58,52
02037,30268,15124,15144
02038,349,181,168
02039,1184,610,574
02040,621,332,289
02041,360,195,165
02042,928,448,480
02043,1398,721,677
02044,1200,626,574
02045,4665,2387,2278
02046,1359,698,661
02047,113,62,51
02048,1537,799,738
02049,840,435,405
02050,96,53,43
02051,2042,1036,1006
02052,548,292,256
02053,3513,1793,1720
02054,518,271,247
02055,1222,676,546
02056,2028,1022,1006
02057,2352,1169,1183
02058,360,194,166
02060,1420,832,588
02059,331,181,150
02061,696,359,337
02062,446,247,199
02901,2786,1401,1385
02063,1635,853,782
02064,401,205,196
02065,489,258,231
02066,254,133,121
02067,1357,696,661
02068,363,200,163
02069,15515,7835,7680
02070,501,265,236
02071,1153,587,566
02072,1790,920,870
02073,6255,3198,3057
02074,7738,3955,3783
02075,1943,1004,939
02076,355,179,176
02077,57,34,23
02078,1115,585,530
02079,4112,2077,2035
02080,589,307,282
02081,25241,12463,12778
02082,95,58,37
02083,226,137,89
02084,340,174,166
02085,340,174,166
02086,2674,1371,1303
03002,4713,2344,2369
03003,551,294,257
03004,936,493,443
03005,12042,6172,5870
03006,1298,645,653
03007,229,115,114
03008,180,94,86
03009,58977,28806,30171
03010,407,198,209
03011,20053,9947,10106
03012,2838,1427,1411
03013,1341,671,670
03014,331577,160595,170982
03015,20542,10398,10144
03016,104,54,50
03017,491,237,254
03018,21995,10756,11239
03019,20537,10324,10213
03001,661,346,315
03020,122,65,57
03021,7113,3562,3551
03022,156,77,79
03023,1703,866,837
03024,5361,2689,2672
03025,1940,1011,929
03026,1983,1005,978
03027,178,89,89
03028,1118,566,552
03030,1110,556,554
03031,67558,33581,33977
03032,108,59,49
03033,149,74,75
03029,444,228,216
03034,3357,1634,1723
03035,742,384,358
03036,94,43,51
03037,490,241,249
03038,413,205,208
03039,96,55,41
03040,410,190,220
03041,10768,5264,5504
03042,4130,2039,2091
03043,3651,1792,1859
03044,6702,3380,3322
03045,418,221,197
03046,2925,1498,1427
03049,18864,9602,9262
03048,7257,3708,3549
03047,21633,10900,10733
03050,27893,13565,14328
03051,428,218,210
03052,1214,609,605
03053,9880,5016,4864
03054,435,223,212
03075,209,104,105
03055,8631,4319,4312
03056,11456,5822,5634
03057,208,118,90
03058,7226,3698,3528
03059,28957,14640,14317
03061,1718,850,868
03062,685,356,329
03063,41733,20245,21488
03064,7383,3689,3694
03065,230625,114332,116293
03066,52404,25549,26855
03067,101,52,49
03068,53,29,24
03069,6381,3231,3150
03077,2474,1256,1218
03070,4131,2069,2062
03072,471,241,230
03071,5893,2974,2919
03073,258,144,114
03074,2489,1310,1179
03076,15058,7358,7700
03078,1132,585,547
03079,23403,11720,11683
03080,1986,1009,977
03082,27224,13528,13696
03083,6875,3342,3533
03085,1051,529,522
03084,596,293,303
03086,229,122,107
03088,7944,4172,3772
03089,12175,6077,6098
03903,4844,2453,2391
03091,493,233,260
03092,9328,4627,4701
03090,25009,12458,12551
03093,25725,12803,12922
03094,18242,9205,9037
03095,6815,3418,3397
03096,7475,3734,3741
03097,2111,1036,1075
03099,76778,38144,38634
03098,738,373,365
03100,908,443,465
03101,7490,3717,3773
03102,10052,5036,5016
03103,301,158,143
03104,34479,17121,17358
03902,21418,10981,10437
03105,7845,3962,3883
03106,713,387,326
03901,2864,1360,1504
03107,4850,2499,2351
03060,121,68,53
03109,4418,2207,2211
03110,644,328,316
03111,7797,4007,3790
03112,1147,589,558
03113,16560,8393,8167
03114,2376,1230,1146
03115,389,193,196
03116,1585,813,772
03118,7943,4030,3913
03904,1933,988,945
03120,5811,2949,2862
03122,57785,28588,29197
03117,648,331,317
03119,23518,11376,12142
03121,31745,15916,15829
03123,9771,4920,4851
03124,585,308,277
03125,581,303,278
03127,627,324,303
03128,10722,5331,5391
03129,1564,824,740
03130,56,30,26
03131,336,164,172
03132,654,348,306
03133,82599,41038,41561
03134,164,90,74
03136,589,319,270
03137,820,407,413
03135,224,117,107
03138,4520,2247,2273
03139,33969,16949,17020
03140,33983,16992,16991
03081,2683,1338,1345
04001,1235,633,602
04002,1150,600,550
04003,24859,12639,12220
04004,753,384,369
04005,621,307,314
04006,11696,6023,5673
04007,814,417,397
04008,528,288,240
04009,135,59,76
04010,648,340,308
04011,3615,1811,1804
04012,212,111,101
04013,196851,95953,100898
04014,176,91,85
04015,133,79,54
04016,3169,1595,1574
04017,4586,2311,2275
04018,321,157,164
04019,232,124,108
04904,2933,1528,1405
04020,284,150,134
04021,206,101,105
04022,927,463,464
04023,117,58,59
04024,4357,2157,2200
04026,68,39,29
04027,248,130,118
04028,243,140,103
04029,12381,6267,6114
04030,1202,629,573
04031,3228,1630,1598
04032,7757,3977,3780
04033,121,59,62
04036,283,143,140
04037,1525,762,763
04034,143,83,60
04035,13776,7168,6608
04038,4031,1987,2044
04902,84710,44462,40248
04041,418,236,182
04043,642,363,279
04044,1992,1046,946
04045,1992,1005,987
04046,975,512,463
04047,3027,1575,1452
04048,2803,1417,1386
04049,8838,4562,4276
04050,1031,553,478
04051,486,236,250
04052,17418,8869,8549
04053,18816,9359,9457
04054,390,212,178
04055,429,213,216
04056,169,99,70
04057,1538,767,771
04058,390,205,185
04059,1431,700,731
04060,546,299,247
04061,766,377,389
04062,5539,2843,2696
04063,1261,649,612
04064,6301,3085,3216
04903,9003,5027,3976
04065,460,231,229
04066,30122,16618,13504
04067,596,299,297
04068,180,100,80
04069,6212,3194,3018
04070,2238,1172,1066
04071,419,216,203
04072,1055,530,525
04073,362,212,150
04074,4018,2038,1980
04075,9502,4966,4536
04076,1621,851,770
04077,304,163,141
04078,1364,690,674
04079,94925,49038,45887
04080,218,107,111
04081,432,219,213
04082,300,157,143
04083,2035,1035,1000
04084,393,206,187
04085,463,234,229
04086,2389,1254,1135
04087,217,120,97
04088,3704,1916,1788
04089,963,463,500
04090,324,159,165
04091,381,192,189
04092,3569,1769,1800
04901,570,307,263
04093,3384,1734,1650
04094,233,136,97
04095,836,415,421
04096,329,172,157
04097,253,137,116
04098,1938,995,943
04099,6630,3231,3399
04100,15837,8052,7785
04101,5791,2939,2852
04102,25405,13547,11858
04103,2893,1441,1452
01051,5018,2497,2521
01001,2887,1507,1380
01002,10286,5075,5211
01049,151,87,64
01003,1483,774,709
01006,219,115,104
01037,717,399,318
01008,982,535,447
01004,1831,912,919
01009,1643,833,810
01010,2967,1503,1464
01011,286,159,127
01013,883,493,390
01014,443,238,205
01016,511,303,208
01017,1040,548,492
01021,603,316,287
01022,1025,513,512
01023,348,170,178
01046,780,447,333
01056,229,129,100
01901,3333,1721,1612
01027,517,281,236
01019,181,96,85
01020,381,222,159
01028,1445,759,686
01030,158,88,70
01031,1505,776,729
01032,667,341,326
01902,872,491,381
01033,857,441,416
01036,18205,8979,9226
01058,1869,992,877
01034,196,100,96
01039,229,113,116
01041,209,117,92
01042,1162,601,561
01043,3368,1718,1650
01044,257,152,105
01047,1374,745,629
01052,319,155,164
01053,709,390,319
01054,1336,688,648
01055,991,546,445
01057,299,150,149
01059,249176,121358,127818
01060,269,139,130
01061,186,104,82
01062,400,214,186
01018,1753,952,801
01063,2313,1193,1120
33001,1697,854,843
33002,10808,5326,5482
33003,675,379,296
33004,78715,37191,41524
33005,1522,795,727
33006,1700,810,890
33007,1571,791,780
33008,2002,1021,981
33009,1035,514,521
33010,1985,974,1011
33012,6278,3033,3245
33011,12579,6196,6383
33013,477,242,235
33014,10444,5043,5401
33015,1553,881,672
33016,22464,10894,11570
33017,3470,1689,1781
33018,3336,1627,1709
33019,3332,1636,1696
33020,15721,7730,7991
33021,5078,2505,2573
33022,949,493,456
33023,3830,1882,1948
33024,271843,128208,143635
33025,10427,5088,5339
33026,9839,4748,5091
33027,853,439,414
33028,1301,736,565
33029,352,175,177
33030,1022,516,506
33031,39984,19051,20933
33032,13087,6269,6818
33033,11086,5339,5747
33035,13676,6783,6893
33036,13639,6621,7018
33037,38428,18237,20191
33038,2631,1320,1311
33039,1846,883,963
33040,5334,2624,2710
33041,8409,4043,4366
33042,5167,2481,2686
33043,740,401,339
33044,220020,101906,118114
33045,5353,2626,2727
33046,531,279,252
33047,1246,610,636
33048,146,81,65
33049,7101,3503,3598
33050,598,354,244
33051,8282,3998,4284
33052,737,425,312
33053,1194,691,503
33054,1865,964,901
33055,1758,845,913
33056,5730,2738,2992
33057,1857,929,928
33058,1933,971,962
33059,5084,2512,2572
33061,393,194,199
33060,16283,7785,8498
33063,433,212,221
33062,453,235,218
33064,288,142,146
33065,1254,604,650
33066,51662,25234,26428
33067,818,434,384
33068,1125,650,475
33069,3887,1919,1968
33070,3795,1846,1949
33071,646,308,338
33072,1628,871,757
33073,9543,4815,4728
33034,11734,5730,6004
33074,3866,1862,2004
33075,298,150,148
33076,14430,7120,7310
33077,1248,649,599
33078,140,78,62
05001,202,113,89
05002,2517,1298,1219
05005,190,100,90
05007,119,63,56
05008,233,115,118
05010,168,85,83
05012,135,69,66
05013,972,495,477
05014,6454,3135,3319
05015,75,35,40
05016,8069,3919,4150
05017,86,49,37
05018,26,15,11
05019,57657,27472,30185
05021,2368,1145,1223
05022,1889,976,913
05023,186,103,83
05024,206,108,98
05025,90,50,40
05026,199,106,93
05027,323,164,159
05029,108,64,44
05030,43,22,21
05033,193,102,91
05034,16,8,8
05035,114,57,57
05036,126,62,64
05037,248,142,106
05038,120,71,49
05039,44,27,17
05040,65,43,22
05041,1196,621,575
05042,157,77,80
05043,84,44,40
05044,275,150,125
05045,82,43,39
05046,48,26,22
05047,4998,2528,2470
05048,112,63,49
05049,452,239,213
05051,181,98,83
05052,92,48,44
05053,84,46,38
05054,1429,742,687
05055,637,338,299
05056,95,53,42
05057,3056,1576,1480
05058,76,43,33
05067,79,47,32
05059,100,60,40
05060,109,56,53
05061,329,172,157
05062,179,92,87
05063,32,20,12
05064,106,60,46
05065,496,264,232
05066,491,271,220
05903,147,83,64
05069,79,45,34
05070,33,17,16
05072,106,57,49
05073,307,168,139
05074,751,391,360
05075,121,56,65
05076,601,312,289
05077,165,88,77
05078,105,59,46
05079,63,37,26
05080,43,21,22
05081,40,28,12
05082,587,317,270
05083,155,82,73
05085,36,17,19
05084,68,40,28
05086,77,48,29
05087,161,54,107
05088,31,15,16
05089,511,252,259
05090,78,38,40
05092,169,94,75
05093,405,230,175
05094,135,74,61
05095,267,148,119
05096,78,47,31
05097,518,274,244
05099,512,287,225
05100,295,155,140
05102,2164,1123,1041
05101,290,167,123
05103,67,34,33
05106,29,15,14
05104,34,20,14
05105,363,197,166
05107,54,33,21
05108,40,21,19
05109,487,255,232
05110,844,431,413
05113,64,30,34
05112,110,56,54
05114,1440,732,708
05115,596,310,286
05116,102,51,51
05117,208,119,89
05118,74,40,34
05119,27,18,9
05120,31,20,11
05121,317,165,152
05122,122,62,60
05123,105,52,53
05124,99,45,54
05125,61,31,30
05126,60,36,24
05127,704,394,310
05128,395,207,188
05129,124,73,51
05130,95,50,45
05131,92,54,38
05132,1006,520,486
05133,73,38,35
05134,50,30,20
05135,394,208,186
05136,94,50,44
05138,334,172,162
05139,67,37,30
05140,128,71,57
05141,103,57,46
05142,96,45,51
05143,62,31,31
05144,77,42,35
05145,50,28,22
05149,101,59,42
05147,161,91,70
05148,22,11,11
05152,753,398,355
05153,93,50,43
05151,98,50,48
05154,34,24,10
05155,46,30,16
05156,310,180,130
05157,247,134,113
05158,336,182,154
05159,236,116,120
05160,321,176,145
05161,777,399,378
05162,90,47,43
05163,1878,924,954
05164,16,8,8
05165,434,213,221
05166,168,92,76
05167,279,155,124
05168,5139,2616,2523
05169,251,145,106
05170,55,27,28
05171,69,34,35
05172,184,103,81
05173,63,39,24
05174,75,41,34
05175,172,98,74
05176,272,150,122
05177,154,81,73
05178,402,211,191
05179,232,114,118
05180,72,39,33
05181,43,29,14
05182,844,444,400
05183,140,74,66
05184,272,152,120
05185,113,58,55
05186,1811,869,942
05187,2057,1025,1032
05188,45,28,17
05189,482,254,228
05190,49,30,19
05191,126,64,62
05192,107,66,41
05193,181,103,78
05194,146,82,64
05195,227,135,92
05196,65,28,37
05197,116,64,52
05198,75,35,40
05199,42,22,20
05200,43,21,22
05201,553,297,256
05206,30,18,12
05208,36,22,14
05207,747,388,359
05209,80,48,32
05901,251,137,114
05210,86,43,43
05211,473,251,222
05212,199,111,88
05213,105,64,41
05214,37,21,16
05215,174,104,70
05216,189,109,80
05217,55,30,25
05218,125,68,57
05219,44,26,18
05220,428,226,202
05231,171,100,71
05204,726,373,353
05205,86,43,43
05222,141,76,65
05221,365,192,173
05226,73,44,29
05224,111,58,53
05225,403,219,184
05902,314,183,131
05227,436,234,202
05228,176,109,67
05904,122,69,53
05229,75,40,35
05230,65,35,30
05232,111,58,53
05233,250,140,110
05234,43,22,21
05235,124,69,55
05236,113,66,47
05237,165,95,70
05238,837,446,391
05239,251,134,117
05240,4542,2252,2290
05241,4097,2090,2007
05242,796,411,385
05243,85,48,37
05244,41,26,15
05245,435,222,213
05247,239,131,108
05246,60,33,27
05249,105,55,50
05251,67,42,25
05252,62,37,25
05253,85,41,44
05254,213,106,107
05256,117,62,55
05257,132,71,61
05905,254,127,127
05258,132,76,56
05259,122,61,61
05260,103,57,46
05261,39,22,17
05262,363,191,172
05263,166,96,70
05264,58,34,24
05265,87,52,35
05266,97,53,44
05267,115,60,55
06001,798,418,380
06002,5461,2706,2755
06003,893,443,450
06004,1880,945,935
06005,2029,1058,971
06006,5340,2667,2673
06007,1704,859,845
06008,730,359,371
06009,245,133,112
06010,1240,607,633
06011,33468,16588,16880
06012,4126,2102,2024
06013,293,150,143
06014,7891,3914,3977
06015,150530,72988,77542
06016,3580,1822,1758
06017,293,156,137
06018,841,417,424
06019,2360,1192,1168
06020,2128,1101,1027
06021,1052,539,513
06022,3085,1524,1561
06023,4929,2441,2488
06024,1331,679,652
06025,6241,3101,3140
06026,969,490,479
06027,769,383,386
06028,4967,2442,2525
06029,1373,693,680
06030,186,96,90
06031,551,276,275
06032,67,33,34
06033,1483,762,721
06034,191,94,97
06035,972,498,474
06036,5921,2919,3002
06042,1210,587,623
06037,2119,1121,998
06038,916,471,445
06039,2182,1065,1117
06040,1238,607,631
06041,567,293,274
06043,768,395,373
06044,37010,18268,18742
06045,569,287,282
06046,1459,720,739
06047,1031,528,503
06048,938,451,487
06049,1150,560,590
06050,4918,2419,2499
06051,1879,931,948
06052,4784,2367,2417
06053,697,350,347
06054,6774,3367,3407
06055,2311,1142,1169
06056,522,277,245
06057,599,312,287
06058,2401,1206,1195
06059,2041,1013,1028
06903,2518,1237,1281
06060,7006,3530,3476
06061,1247,622,625
06062,653,368,285
06063,3485,1748,1737
06064,941,492,449
06065,343,174,169
06066,1950,982,968
06067,2264,1134,1130
06068,489,238,251
06069,3639,1832,1807
06070,9367,4610,4757
06071,284,143,141
06073,860,446,414
06074,5758,2861,2897
06072,2757,1414,1343
06075,526,280,246
06076,970,478,492
06077,374,203,171
06078,569,294,275
06079,763,391,372
06080,2276,1134,1142
06081,1207,621,586
06082,472,254,218
06083,59352,28958,30394
06084,1300,659,641
06085,4254,2189,2065
06086,1367,659,708
06087,2415,1177,1238
06088,15614,7721,7893
06089,719,365,354
06090,949,482,467
06091,4444,2258,2186
06092,666,330,336
06093,5195,2601,2594
06094,1734,892,842
06095,11986,5977,6009
06096,235,123,112
06097,2729,1415,1314
06098,686,342,344
06099,1360,705,655
06100,949,450,499
06101,512,259,253
06102,1188,585,603
06103,5876,2933,2943
06104,745,374,371
06107,1868,938,930
06108,2731,1377,1354
06105,698,356,342
06106,500,256,244
06902,2033,1032,1001
06109,4650,2354,2296
06110,159,79,80
06111,622,320,302
06112,443,226,217
06113,3357,1664,1693
06114,141,72,69
06115,1473,727,746
06116,1800,907,893
06117,1664,811,853
06119,837,433,404
06123,5475,2756,2719
06118,175,100,75
06120,4059,2056,2003
06121,4176,2109,2067
06122,8126,4104,4022
06124,1921,951,970
06125,1912,962,950
06126,2645,1317,1328
06127,3420,1704,1716
06128,5376,2681,2695
06129,681,341,340
06130,215,111,104
06131,1265,648,617
06132,973,465,508
06133,2264,1168,1096
06134,633,334,299
06135,1401,720,681
06136,1777,879,898
06137,1074,555,519
06901,2734,1398,1336
06138,1179,577,602
06139,578,305,273
06140,731,368,363
06141,2008,994,1014
06146,1224,620,604
06147,367,180,187
06148,1152,565,587
06142,281,150,131
06143,4176,2101,2075
06144,603,299,304
06145,1060,534,526
06149,12926,6365,6561
06150,913,470,443
06151,1243,603,640
06152,1504,761,743
06153,25759,12528,13231
06154,3401,1700,1701
06156,1383,715,668
06155,2168,1157,1011
06157,444,226,218
06158,16776,8086,8690
06159,2805,1399,1406
06160,3606,1810,1796
06162,3508,1783,1725
06161,310,157,153
07002,9012,4520,4492
07001,5494,2658,2836
07003,19793,9974,9819
07004,5529,2822,2707
07005,11004,5470,5534
07901,860,451,409
07006,7671,3844,3827
07007,503,265,238
07008,8316,4130,4186
07009,1054,545,509
07010,6714,3284,3430
07011,49333,24727,24606
07012,2612,1302,1310
07013,10610,5268,5342
07014,11600,5907,5693
07064,7348,3723,3625
07015,29223,14483,14740
07016,4008,2012,1996
07017,1271,624,647
07018,620,293,327
07026,49727,24984,24743
07019,211,129,82
07020,5020,2478,2542
07021,318,171,147
07022,17497,8801,8696
07023,4695,2335,2360
07024,12216,6428,5788
07025,678,332,346
07027,32137,16169,15968
07028,1289,652,637
07029,5858,2941,2917
07030,2243,1131,1112
07031,36358,18444,17914
07033,42631,21270,21361
07034,1455,738,717
07032,28592,13990,14602
07035,2143,1108,1035
07036,36725,18495,18230
07037,4788,2428,2360
07902,1370,683,687
07038,2867,1449,1418
07039,6931,3504,3427
07040,409661,199652,210009
07041,2825,1399,1426
07044,13026,6623,6403
07042,16189,8059,8130
07043,5339,2722,2617
07045,1967,974,993
07059,4877,2474,2403
07046,25779,13529,12250
07049,2083,1023,1060
07050,6200,3153,3047
07048,26496,13663,12833
07051,8405,4151,4254
07052,6892,3494,3398
07053,1671,831,840
07054,36457,18517,17940
07055,11958,6108,5850
07056,7167,3564,3603
07057,12112,6089,6023
07058,3981,1994,1987
07047,3195,1615,1580
07060,3764,1866,1898
07061,14041,7050,6991
07062,11378,5696,5682
07063,1945,989,956
07065,3176,1606,1570
08001,12334,6248,6086
08002,277,148,129
08014,2501,1204,1297
08003,9764,4751,5013
08004,273,146,127
08005,8496,4285,4211
08006,15533,7536,7997
08007,8838,4439,4399
08008,219,110,109
08009,12295,6053,6242
08010,5648,2851,2797
08011,2250,1120,1130
08012,2250,1120,1130
08013,1669,887,782
08015,217741,107092,110649
08904,13417,6565,6852
08016,2152,1075,1077
08017,3783,1907,1876
08018,3205,1586,1619
08252,32839,16167,16672
08019,1620343,765962,854381
08020,6961,3440,3521
08021,74,46,28
08022,16199,7979,8220
08023,9003,4587,4416
08024,456,257,199
08025,2027,1095,932
08026,257,142,115
08027,965,492,473
08028,1376,726,650
08029,4664,2346,2318
08030,7348,3626,3722
08031,3547,1790,1757
08034,946,488,458
08033,17449,8669,8780
08032,2859,1380,1479
08035,18728,9152,9576
08037,2497,1265,1232
08038,2095,1025,1070
08036,191,95,96
08039,515,272,243
08040,14583,7075,7508
08041,16317,8458,7859
08042,2995,1521,1474
08043,4481,2310,2171
08044,5211,2572,2639
08045,96,45,51
08046,18165,8892,9273
08047,4652,2271,2381
08048,783,398,385
08049,1572,780,792
08057,72,41,31
08052,165,86,79
08050,165,92,73
08051,24036,11855,12181
08053,3599,1841,1758
08054,12332,6244,6088
08055,728,377,351
08056,66375,32747,33628
08058,2247,1147,1100
08060,156,90,66
08059,446,228,218
08061,2053,1065,988
08062,1319,666,653
08063,610,295,315
08064,2418,1208,1210
08065,1534,772,762
08066,1865,917,948
08067,7423,3643,3780
08268,1152,567,585
08266,57740,28259,29481
08068,8970,4495,4475
08069,4458,2304,2154
08070,339,173,166
08071,306,151,155
08072,14643,7357,7286
08073,87173,42226,44947
08074,14992,7554,7438
08075,5281,2681,2600
08076,22045,11153,10892
08077,46355,22144,24211
08078,258,130,128
08254,2141,1083,1058
08079,393,193,200
08134,1109,551,558
08080,42,25,17
08082,1467,753,714
08081,466,245,221
08083,2276,1156,1120
08084,1439,743,696
08085,1354,702,652
08086,19768,10003,9765
08090,167,93,74
08087,169,90,79
08088,16227,7861,8366
08089,46705,22916,23789
08091,7371,3700,3671
08092,4834,2396,2438
08093,26,15,11
08094,2130,1077,1053
08095,80,56,24
08096,60981,30023,30958
08097,1481,750,731
08099,887,458,429
08100,2654,1360,1294
08101,261068,126066,135002
08162,2930,1502,1428
08102,39540,19393,20147
08103,841,431,410
08104,863,469,394
08105,13367,6595,6772
08107,15111,7738,7373
08108,6480,3299,3181
08106,9838,4907,4931
08109,276,135,141
08110,18439,9217,9222
08111,271,140,131
08112,20194,10068,10126
08113,76250,37311,38939
08242,258,127,131
08114,27850,14179,13671
08115,4794,2410,2384
08116,704,354,350
08117,3124,1543,1581
08118,23340,11266,12074
08119,8641,4338,4303
08120,9291,4666,4625
08121,126988,62945,64043
08122,2331,1170,1161
08138,6190,3147,3043
08123,25687,12499,13188
08124,51133,25152,25981
08128,677,357,320
08127,2955,1501,1454
08125,35599,17522,18077
08130,129,66,63
08131,968,492,476
08126,11819,5832,5987
08132,465,237,228
08133,154,88,66
08135,8784,4298,4486
08136,16263,8167,8096
08137,321,166,155
08129,620,316,304
08139,223,121,102
08140,5966,2917,3049
08141,6023,2988,3035
08142,160,81,79
08143,3608,1847,1761
08145,3611,1855,1756
08146,1787,941,846
08147,23779,11860,11919
08148,3729,1962,1767
08149,1188,587,601
08144,837,405,432
08150,310,156,154
08151,537,268,269
08152,136,75,61
08153,730,375,355
08154,908,455,453
08155,9256,4652,4604
08156,14636,7160,7476
08157,11486,5725,5761
08905,2982,1458,1524
08158,4103,2031,2072
08159,19041,9551,9490
08160,412,210,202
08161,15362,7848,7514
08163,26659,13254,13405
08164,1259,634,625
08165,2177,1109,1068
08166,1101,535,566
08167,8389,4230,4159
08182,3801,1959,1842
08168,458,258,200
08169,64132,31413,32719
08171,2537,1273,1264
08170,545,288,257
08230,10429,5206,5223
08172,28071,13720,14351
08174,518,257,261
08175,4094,2024,2070
08176,207,113,94
08177,60,32,28
08178,539,274,265
08179,747,386,361
08180,38347,18980,19367
08181,10666,5314,5352
08183,6197,3039,3158
08184,76423,37840,38583
08185,232,129,103
08901,279,139,140
08187,211734,102927,108807
08188,161,90,71
08190,265,154,111
08191,6636,3194,3442
08194,36669,18028,18641
08195,87,44,43
08196,27332,13552,13780
08197,10877,5370,5507
08198,6095,3032,3063
08199,840,446,394
08200,82904,40601,42303
08201,532,260,272
08203,3344,1743,1601
08202,17754,8833,8921
08204,4107,2074,2033
08205,90664,44106,46558
08206,989,474,515
08207,2749,1359,1390
08208,7800,3920,3880
08210,6184,3132,3052
08211,44474,21536,22938
08212,600,316,284
08209,8722,4330,4392
08213,8593,4256,4337
08215,3475,1721,1754
08193,1313,677,636
08216,30,18,12
08218,10820,5422,5398
08217,34084,16569,17515
08903,244,133,111
08220,3096,1529,1567
08221,17494,8361,9133
08222,2598,1323,1275
08223,2371,1190,1181
08225,113,56,57
08224,1131,590,541
08226,1206,616,590
08227,3231,1591,1640
08228,344,179,165
08229,600,300,300
08231,30658,15311,15347
08232,2338,1161,1177
08233,2419,1251,1168
08234,4371,2168,2203
08189,155,84,71
08235,5178,2563,2615
08236,2179,1119,1060
08237,2107,1027,1080
08238,19939,9754,10185
08239,637,332,305
08240,12866,6322,6544
08241,79,46,33
08098,3168,1624,1544
08262,9274,4620,4654
08264,6372,3194,3178
08265,2014,993,1021
08263,27901,13846,14055
08243,187,96,91
08244,8179,4018,4161
08245,118821,58849,59972
08246,2226,1130,1096
08247,1309,670,639
08248,7192,3601,3591
08249,379,191,188
08250,9874,4940,4934
08251,7503,3802,3701
08253,143,72,71
08256,882,439,443
08255,183,90,93
08257,128,69,59
08259,9325,4673,4652
08258,1024,516,508
08260,25705,12933,12772
08261,3381,1700,1681
08192,7532,3739,3793
08267,8957,4532,4425
08269,3472,1746,1726
08270,28969,14476,14493
08271,79,34,45
08272,205,115,90
08273,3025,1556,1469
08274,5895,2874,3021
08276,333,174,159
08277,202,115,87
08278,6412,3188,3224
08275,320,159,161
08280,111,58,53
08281,6312,3093,3219
08279,218535,107540,110995
08282,8709,4170,4539
08283,8131,4024,4107
08284,16937,8576,8361
08285,14172,7021,7151
08286,3716,1911,1805
08287,1430,736,694
08288,2281,1219,1062
08289,5945,2941,3004
08290,2069,1038,1031
08291,6486,3340,3146
08292,1399,729,670
08293,246,139,107
08294,2854,1427,1427
08295,14877,7441,7436
08296,2530,1297,1233
08297,170,95,75
08298,45040,22626,22414
08299,430,226,204
08301,66168,32785,33383
08300,7480,3707,3773
08305,40055,19552,20503
08306,688,343,345
08303,308,143,165
08302,12361,6178,6183
08902,5339,2701,2638
08307,66274,32079,34195
08214,9013,4435,4578
08219,20764,10018,10746
08304,1106,582,524
08308,164,86,78
48001,7533,3771,3762
48002,9545,4701,4844
48911,482,253,229
48912,2903,1429,1474
48003,19140,9380,9760
48004,419,215,204
48005,156,72,84
48006,393,193,200
48093,1212,579,633
48009,970,477,493
48914,418,202,216
48010,567,290,277
48011,12230,5957,6273
48023,735,365,370
48008,734,395,339
48091,1377,696,681
48070,648,319,329
48012,2645,1339,1306
48090,7684,3728,3956
48013,100435,48549,51886
48014,1541,757,784
48015,40762,19775,20987
48092,1041,499,542
48016,7130,3495,3635
48017,16688,8239,8449
48018,1247,685,562
48019,4678,2338,2340
48020,345821,162931,182890
48021,1637,825,812
48901,6545,3216,3329
48026,1447,750,697
48027,29636,14510,15126
48028,831,424,407
48031,346,172,174
48032,7336,3625,3711
48902,24222,11764,12458
48033,239,134,105
48034,15890,7915,7975
48079,487,268,219
48029,11304,5660,5644
48030,772,385,387
48906,929,458,471
48035,545,270,275
48036,29288,14438,14850
48037,829,445,384
48038,1375,677,698
48039,320,161,159
48040,1673,834,839
48041,840,422,418
48046,16972,8179,8793
48044,78276,36639,41637
48047,212,111,101
48042,1686,854,832
48043,5683,2809,2874
48045,6681,3224,3457
48048,636,328,308
48094,4257,2082,2175
48049,725,383,342
48910,3643,1818,1825
48050,255,155,100
48022,2715,1408,1307
48907,444,222,222
48051,254,135,119
48052,2029,981,1048
48053,1191,593,598
48054,31495,15366,16129
48057,7258,3591,3667
48055,3521,1760,1761
48056,1241,656,585
48081,2429,1205,1224
48903,2416,1212,1204
48058,1158,586,572
48059,519,271,248
48060,4934,2508,2426
48061,982,505,477
48062,381,194,187
48063,432,220,212
48064,755,397,358
48066,423,225,198
48068,1835,883,952
48069,17554,8552,9002
48007,460,249,211
48908,309,156,153
48071,7567,3731,3836
48067,1455,762,693
48909,255,128,127
48073,8397,4218,4179
48075,2651,1297,1354
48083,8360,4081,4279
48072,1296,655,641
48077,4363,2134,2229
48078,45826,21955,23871
48082,45795,22039,23756
48084,27445,13309,14136
48904,4495,2170,2325
48085,13643,6716,6927
48086,2569,1282,1287
48076,357,186,171
48087,511,272,239
48088,177,92,85
48065,4124,2063,2061
48089,4319,2136,2183
48074,4180,2159,2021
48080,11953,5821,6132
48095,3054,1539,1515
48096,8379,4125,4254
48905,3236,1584,1652
48097,1615,799,816
48024,1242,624,618
48025,1059,544,515
48913,1492,792,700
48915,427,227,200
09001,27,19,8
09003,219,110,109
09006,57,35,22
09007,61,38,23
09009,214,111,103
09010,36,26,10
09011,77,46,31
09907,2007,1071,936
09012,100,57,43
09013,53,31,22
09014,186,111,75
09016,105,60,45
09017,135,74,61
09018,32523,15805,16718
09019,161,99,62
09020,326,176,150
09021,56,34,22
09022,73,42,31
09023,1684,895,789
09024,182,107,75
09025,126,65,61
09026,408,252,156
09027,49,29,20
09029,172,98,74
09030,129,75,54
09032,112,60,52
09033,73,45,28
09034,311,173,138
09035,342,201,141
09036,34,19,15
09037,109,64,45
09038,143,76,67
09039,67,41,26
09041,33,19,14
09043,194,115,79
09044,53,28,25
09045,285,159,126
09046,25,16,9
09047,67,34,33
09048,1816,926,890
09050,55,31,24
09051,184,100,84
09052,29,21,8
09054,98,61,37
09055,55,31,24
09056,6675,3323,3352
09057,173,114,59
09058,543,299,244
09059,175921,83728,92193
09060,149,79,70
09061,169,94,75
09062,53,26,27
09064,433,227,206
09065,162,98,64
09066,61,45,16
09067,470,246,224
09068,27,15,12
09070,33,24,9
09071,44,25,19
09072,411,223,188
09073,1313,722,591
09074,1101,569,532
09075,112,65,47
09076,25,19,6
09077,33,16,17
09078,37,21,16
09079,50,30,20
09083,32,18,14
09082,36,21,15
09084,185,119,66
09085,632,345,287
09088,62,38,24
09086,792,453,339
09090,52,28,24
09091,803,417,386
09063,233,138,95
09093,177,94,83
09094,54,33,21
09095,115,57,58
09098,575,313,262
09100,57,37,20
09101,78,46,32
09102,33,22,11
09103,224,124,100
09104,44,23,21
09105,101,58,43
09108,545,299,246
09109,1352,768,584
09110,80,50,30
09112,112,69,43
09113,545,289,256
09114,95,53,42
09115,98,55,43
09117,85,43,42
09119,45,16,29
09120,42,24,18
09122,95,60,35
09124,1696,891,805
09123,44,27,17
09125,608,363,245
09127,52,31,21
09128,84,49,35
09129,101,66,35
09130,76,47,29
09131,653,342,311
09132,181,112,69
09133,45,25,20
09134,254,133,121
09135,41,22,19
09136,227,124,103
09137,235,118,117
09138,83,45,38
09139,107,69,38
09140,126,77,49
09141,775,400,375
09143,29,18,11
09144,45,29,16
09148,100,51,49
09149,37,28,9
09151,548,310,238
09152,310,171,139
09154,155,89,66
09155,26,16,10
09159,69,43,26
09160,91,59,32
09162,156,82,74
09164,180,109,71
09163,669,371,298
09166,105,61,44
09167,58,36,22
09168,337,182,155
09169,103,69,34
09170,223,120,103
09172,136,70,66
09173,133,75,58
09174,932,507,425
09175,121,82,39
09176,62,42,20
09177,1405,764,641
09178,45,29,16
09179,41,22,19
09180,137,76,61
09181,307,160,147
09182,78,45,33
09183,49,31,18
09184,8,6,2
09189,131,72,59
09190,86,48,38
09191,33,20,13
09192,55,31,24
09194,2560,1281,1279
09195,60,39,21
09196,147,89,58
09197,168,109,59
09198,112,65,47
09199,100,56,44
09200,52,31,21
09201,29,21,8
09202,22,14,8
09206,56,32,24
09208,211,111,100
09209,5816,2958,2858
09211,1611,866,745
09213,313,172,141
09214,733,438,295
09906,1443,798,645
09215,402,227,175
09216,429,222,207
09217,386,222,164
09218,451,244,207
09219,35477,17433,18044
09220,71,47,24
09221,669,369,300
09223,44,29,15
09224,164,89,75
09225,87,52,35
09226,59,36,23
09227,148,78,70
09228,172,92,80
09229,224,121,103
09230,35,18,17
09231,65,47,18
09232,158,93,65
09235,189,110,79
09236,37,22,15
09238,1024,538,486
09239,55,31,24
09241,328,177,151
09242,78,44,34
09243,77,47,30
09244,50,25,25
09246,721,371,350
09247,24,12,12
09248,82,48,34
09249,52,29,23
09250,282,152,130
09251,436,239,197
09253,117,69,48
09255,90,52,38
09256,438,253,185
09259,251,149,102
09257,94,57,37
09258,174,93,81
09261,527,261,266
09262,167,91,76
09265,38,22,16
09266,103,66,37
09267,111,66,45
09268,111,62,49
09269,36,21,15
09270,167,96,71
09272,294,155,139
09273,53,33,20
09274,1169,586,583
09275,179,110,69
09276,495,269,226
09277,115,78,37
09279,238,142,96
09281,154,80,74
09280,24,14,10
09283,46,24,22
09287,267,154,113
09288,111,63,48
09289,1690,892,798
09292,79,48,31
09294,114,69,45
09901,383,200,183
09295,57,28,29
09298,87,49,38
09301,803,426,377
09297,376,217,159
09302,108,66,42
09303,83,51,32
09304,208,111,97
09306,112,61,51
09307,115,72,43
09308,68,39,29
09309,349,185,164
09310,11,8,3
09311,59,37,22
09314,94,60,34
09316,115,73,42
09312,107,60,47
09315,523,269,254
09317,19,7,12
09318,60,38,22
09321,2185,1104,1081
09323,65,43,22
09325,193,117,76
09326,183,106,77
09327,36,18,18
09328,65,31,34
09329,131,76,55
09330,1955,1007,948
09332,169,92,77
09334,51,41,10
09335,88,55,33
09337,142,79,63
09338,298,168,130
09339,141,82,59
09340,79,56,23
09360,25,20,5
09343,101,61,40
09345,140,87,53
09346,99,65,34
09347,145,74,71
09348,141,74,67
09350,537,291,246
09351,62,45,17
09352,104,66,38
09353,91,54,37
09354,35,26,9
09355,85,46,39
09356,45,28,17
09358,279,172,107
09361,114,64,50
09362,245,135,110
09363,995,562,433
09365,31,22,9
09366,77,45,32
09368,23,16,7
09369,490,255,235
09372,268,143,125
09373,448,258,190
09374,103,66,37
09375,38,21,17
09377,782,422,360
09378,29,17,12
09380,80,38,42
09381,34,20,14
09382,24,17,7
09384,346,189,157
09386,65,37,28
09387,126,81,45
09388,30,16,14
09389,68,39,29
09390,657,356,301
09391,458,242,216
09392,57,32,25
09394,809,414,395
09395,134,81,53
09396,160,85,75
09398,79,52,27
09400,369,201,168
09403,104,62,42
09405,136,75,61
09406,333,189,144
09408,42,26,16
09904,514,300,214
09908,498,290,208
09409,126,67,59
09410,3739,1911,1828
09411,157,96,61
09902,480,277,203
09905,427,244,183
09412,948,515,433
09413,477,247,230
09414,195,114,81
09415,321,176,145
09416,50,28,22
09417,42,24,18
09418,83,42,41
09419,76,48,28
09407,29,17,12
09422,17,9,8
09421,239,139,100
09423,29,19,10
09427,1527,843,684
09428,105,61,44
09429,59,44,15
09430,24,15,9
09431,119,73,46
09432,191,110,81
09433,61,39,22
09434,1785,938,847
09437,309,167,142
09438,673,354,319
09439,1406,763,643
09440,88,54,34
09441,71,42,29
09442,438,236,202
09443,175,85,90
09444,68,35,33
09445,45,32,13
09446,12,7,5
09447,46,28,18
09448,217,133,84
09449,108,63,45
09450,30,19,11
09451,278,144,134
09454,41,27,14
09455,45,28,17
09456,150,80,70
09903,4207,2152,2055
09458,644,358,286
09460,189,112,77
09463,276,170,106
09464,40,23,17
09466,112,65,47
09467,75,50,25
09471,194,98,96
09472,58,36,22
09473,87,50,37
09476,74,47,27
09424,42,25,17
09425,549,301,248
09478,43,30,13
09480,112,58,54
09482,31,19,12
09483,226,117,109
09485,58,36,22
10001,335,189,146
10002,403,207,196
10003,580,294,286
10004,801,399,402
10005,607,312,295
10006,1401,723,678
10903,934,467,467
10007,663,337,326
10008,1480,738,742
10009,225,112,113
10010,2646,1384,1262
10012,620,288,332
10013,305,163,142
10011,576,289,287
10014,2085,1026,1059
10015,753,367,386
10016,370,194,176
10017,831,416,415
10018,1850,948,902
10019,1765,902,863
10020,1838,901,937
10021,5851,2912,2939
10023,736,390,346
10022,444,222,222
10024,776,365,411
10025,407,209,198
10026,729,378,351
10027,77,43,34
10028,91,50,41
10029,437,232,205
10030,500,260,240
10031,187,106,81
10032,1867,926,941
10033,434,232,202
10034,349,176,173
10035,2151,1104,1047
10036,345,189,156
10037,96068,46051,50017
10038,78,39,39
10039,428,217,211
10040,490,252,238
10041,1185,621,564
10042,62,25,37
10043,856,421,435
10044,1634,860,774
10045,1019,500,519
10046,208,110,98
10047,1110,552,558
10048,230,113,117
10049,4500,2217,2283
10050,1124,571,553
10051,386,194,192
10052,163,81,82
10053,301,164,137
10056,585,293,292
10057,140,85,55
10054,581,285,296
10055,815,420,395
10058,1381,715,666
10059,375,182,193
10060,1053,542,511
10061,1854,950,904
10062,449,236,213
10063,170,84,86
10064,1650,838,812
10065,190,105,85
10066,185,109,76
10067,12531,6164,6367
10068,846,442,404
10069,864,435,429
10070,728,364,364
10071,120,71,49
10072,915,466,449
10073,849,445,404
10075,275,150,125
10076,953,478,475
10077,725,375,350
10079,984,518,466
10078,392,214,178
10080,403,208,195
10081,128,71,57
10082,2054,1020,1034
10083,98,52,46
10084,1493,774,719
10085,363,186,177
10086,335,175,160
10087,1887,931,956
10088,204,107,97
10089,1529,770,759
10090,536,281,255
10091,387,203,184
10092,299,155,144
10093,457,228,229
10094,255,131,124
10095,342,176,166
10096,4052,1992,2060
10097,102,62,40
10098,396,206,190
10099,647,322,325
10100,906,444,462
10101,216,108,108
10102,564,276,288
10103,489,242,247
10104,6477,3232,3245
10105,2868,1429,1439
10106,141,73,68
10107,1266,636,630
10108,201,106,95
10109,2007,1008,999
10110,2749,1420,1329
10111,1595,836,759
10112,1759,875,884
10113,2595,1290,1305
10114,1328,665,663
10115,4156,2089,2067
10116,4602,2275,2327
10117,217,112,105
10118,309,159,150
10119,634,314,320
10120,175,90,85
10121,9685,4818,4867
10122,256,128,128
10123,653,327,326
10124,827,412,415
10125,969,497,472
10126,1732,875,857
10127,5731,2918,2813
10128,6792,3384,3408
10129,378,176,202
10130,2003,1008,995
10131,17170,8274,8896
10132,416,207,209
10133,1336,669,667
10134,646,330,316
10135,1311,691,620
10136,310,178,132
10137,411,220,191
10138,641,309,332
10139,85,47,38
10140,1390,708,682
10141,277,143,134
10142,941,483,458
10143,151,66,85
10144,1065,554,511
10145,149,70,79
10146,1748,928,820
10147,1530,771,759
10148,40141,19421,20720
10149,487,244,243
10150,362,187,175
10151,225,118,107
10152,471,237,234
10905,814,417,397
10153,323,168,155
10154,213,107,106
10155,1248,649,599
10156,91,49,42
10157,272,143,129
10158,369,186,183
10159,315,174,141
10160,259,127,132
10901,1362,715,647
10161,65,36,29
10162,581,302,279
10163,323,165,158
10164,788,388,400
10165,249,136,113
10166,324,161,163
10167,315,174,141
10168,271,138,133
10169,522,256,266
10170,259,132,127
10171,382,205,177
10172,763,392,371
10173,858,452,406
10174,187,91,96
10175,1568,790,778
10176,420,220,200
10177,1996,1015,981
10178,832,432,400
10179,306,163,143
10180,7345,3968,3377
10181,806,430,376
10904,921,485,436
10182,164,104,60
10183,1143,608,535
10184,884,463,421
10187,461,246,215
10188,532,267,265
10185,622,330,292
10186,1071,543,528
10190,571,286,285
10189,2975,1451,1524
10191,610,324,286
10192,840,420,420
10193,1677,816,861
10194,570,272,298
10195,9193,4477,4716
10196,334,175,159
10197,99,55,44
10198,1230,605,625
10199,178,96,82
10200,361,188,173
10201,197,97,100
10202,664,322,342
10203,5439,2662,2777
10204,460,233,227
10205,2349,1183,1166
10902,868,446,422
10206,233,122,111
10207,502,239,263
10208,136,69,67
10209,260,135,125
10210,426,214,212
10211,433,217,216
10212,2046,1027,1019
10214,234,125,109
10213,618,317,301
10215,341,170,171
10216,1823,917,906
10217,550,275,275
10218,1258,629,629
10219,1377,697,680
11001,5242,2701,2541
11002,5123,2572,2551
11003,1413,730,683
11004,121414,59852,61562
11005,5590,2842,2748
11006,30741,15346,15395
11007,22551,11305,11246
11008,23513,11745,11768
11901,6969,3546,3423
11009,680,364,316
11010,7750,3882,3868
11011,2167,1097,1070
11012,116979,55374,61605
11013,3013,1506,1507
11015,83831,41968,41863
11016,19068,9564,9504
11014,22427,11304,11123
11017,3903,1964,1939
11018,1726,892,834
11019,2053,1018,1035
11020,212879,104084,108795
11021,9773,5045,4728
11022,62940,30895,32045
11023,11658,5934,5724
11024,8124,3983,4141
11025,5530,2856,2674
11026,5636,2815,2821
11027,88364,43326,45038
11028,41650,20922,20728
11029,6996,3537,3459
11030,28848,14403,14445
11031,95174,46602,48572
11902,4402,2255,2147
11033,30472,15209,15263
11032,68037,33868,34169
11034,2732,1401,1331
11035,18169,9151,9018
11036,804,401,403
11037,7054,3522,3532
11038,16615,8207,8408
11039,12739,6349,6390
11040,438,229,209
11041,12127,6078,6049
11042,1400,713,687
39001,2408,1233,1175
39002,4219,2139,2080
39003,279,149,130
39004,1676,864,812
39005,1723,885,838
39006,2108,1074,1034
39007,470,267,203
39008,18108,8840,9268
39009,4186,2178,2008
39010,680,343,337
39011,1972,1005,967
39012,8349,4021,4328
39013,592,338,254
39014,999,546,453
39015,946,535,411
39016,30263,14811,15452
39027,3750,1925,1825
39017,668,360,308
39018,5778,2901,2877
39019,2809,1443,1366
39020,31977,15843,16134
39021,539,274,265
39022,1337,695,642
39023,8453,4145,4308
39024,2156,1021,1135
39025,10910,5331,5579
39026,2041,1038,1003
39028,5090,2571,2519
39029,771,399,372
39030,2347,1204,1143
39031,1541,773,768
39032,1627,899,728
39033,609,344,265
39034,287,182,105
39035,11148,5301,5847
39036,1194,613,581
39037,2370,1169,1201
39038,1867,932,935
39039,601,329,272
39040,5118,2550,2568
39041,2120,1086,1034
39042,7520,3632,3888
39043,1982,995,987
39044,4713,2380,2333
39045,389,201,188
39046,1544,774,770
39047,2539,1268,1271
39048,2108,1068,1040
39049,321,176,145
39050,285,165,120
39051,68,43,25
39052,25223,12484,12739
39053,238,151,87
39054,5845,2891,2954
39055,1350,653,697
39056,2868,1460,1408
39057,2881,1446,1435
39058,952,493,459
39059,9095,4266,4829
39060,8381,4124,4257
39061,4447,2243,2204
39062,2257,1170,1087
39063,1038,584,454
39064,1609,767,842
39065,268,154,114
39066,1026,552,474
39067,872,473,399
39068,732,373,359
39069,2387,1198,1189
39070,147,76,71
39071,466,260,206
39072,370,220,150
39080,4158,2062,2096
39073,12964,6383,6581
39074,9060,4554,4506
39075,172044,79371,92673
39076,4172,2051,2121
39077,257,151,106
39078,1623,845,778
39079,11050,5388,5662
39081,512,267,245
39082,1891,947,944
39083,1193,662,531
39084,1050,557,493
39085,8716,4294,4422
39086,400,233,167
39087,51687,24341,27346
39088,64,44,20
39089,140,98,42
39090,925,473,452
39095,2772,1441,1331
39091,2191,1137,1054
39092,967,512,455
39093,316,181,135
39094,974,549,425
39101,286,155,131
39096,745,389,356
39097,775,406,369
39098,1604,840,764
39099,3912,1941,1971
39100,1029,532,497
39102,2745,1464,1281
12002,125,66,59
12003,1234,615,619
12004,6679,3440,3239
12005,10430,5262,5168
12006,201,108,93
12007,862,438,424
12008,259,146,113
12009,25831,12984,12847
12010,256,141,115
12011,5900,2958,2942
12901,4460,2220,2240
12012,3509,1791,1718
12013,146,72,74
12014,190,107,83
12015,113,69,44
12016,1958,992,966
12001,1271,643,628
12017,164,88,76
12018,324,172,152
12020,169,93,76
12022,373,214,159
12024,156,82,74
12025,149,84,65
12026,1084,560,524
12027,26744,13326,13418
12028,18055,9015,9040
12029,1036,524,512
12021,5709,2815,2894
12032,34544,17121,17423
12031,5322,2696,2626
12033,2889,1468,1421
12034,1945,995,950
12036,696,338,358
12037,19,10,9
12038,192,104,88
12039,946,479,467
12040,170888,82695,88193
12041,101,66,35
12042,742,370,372
12043,647,334,313
12044,599,292,307
12053,2670,1377,1293
12055,113,66,47
12056,297,155,142
12045,399,193,206
12046,206,113,93
12048,317,173,144
12049,511,272,239
12050,1822,914,908
12051,504,261,243
12057,776,397,379
12058,72,41,31
12059,276,139,137
12060,525,266,259
12061,453,223,230
12063,49,27,22
12064,94,53,41
12065,193,103,90
12067,633,314,319
12068,49,27,22
12069,62,37,25
12070,666,334,332
12071,1553,803,750
12074,940,467,473
12072,1319,664,655
12073,155,86,69
12075,162,85,77
12076,84,43,41
12077,6278,3257,3021
12078,359,172,187
12079,548,286,262
12080,2437,1197,1240
12081,712,373,339
12082,13170,6584,6586
12083,117,65,52
12084,24850,12464,12386
12085,8830,4544,4286
12087,31,17,14
12088,62,39,23
12089,7447,3747,3700
12090,114,59,55
12093,197,110,87
12094,1208,628,580
12091,197,97,100
12092,144,77,67
12095,1180,605,575
12096,952,500,452
12097,59,39,20
12098,729,366,363
12101,462,230,232
12902,3099,1618,1481
12099,935,486,449
12100,1974,973,1001
12102,761,407,354
12104,8878,4351,4527
12103,101,49,52
12105,1023,542,481
12106,1439,702,737
12107,428,220,208
12108,520,270,250
12109,814,408,406
12110,249,131,118
12111,435,220,215
12112,138,81,57
12113,100,54,46
12114,229,120,109
12115,253,138,115
12116,54,26,28
12119,157,87,70
12120,191,96,95
12117,5461,2754,2707
12118,74,45,29
12121,1375,692,683
12122,966,503,463
12124,2817,1471,1346
12125,281,140,141
12126,31552,15577,15975
12123,49,23,26
12127,75,42,33
12128,1833,982,851
12132,575,298,277
12134,172,90,82
12135,50577,25125,25452
12136,3226,1611,1615
12129,2227,1102,1125
12130,462,252,210
12131,63,38,25
12133,66,34,32
12137,42,23,19
12138,28438,14011,14427
12139,342,190,152
12140,1538,796,742
12052,725,344,381
12141,112,58,54
12142,172,97,75
13001,1395,715,680
13002,1687,846,841
13003,507,260,247
13004,1185,615,570
13005,30686,14982,15704
13006,602,302,300
13007,1455,739,716
13008,485,247,238
13009,1660,844,816
13010,1000,506,494
13011,5461,2614,2847
13012,417,218,199
13013,8922,4388,4534
13014,526,277,249
13015,6139,3084,3055
13016,799,394,405
13017,327,164,163
13903,595,308,287
13018,1043,536,507
13019,6901,3466,3435
13020,5921,3000,2921
13021,449,242,207
13022,387,193,194
13023,11884,6033,5851
13024,1000,520,480
13025,311,168,143
13026,487,255,232
13027,3802,1892,1910
13028,13597,6780,6817
13029,92,56,36
13030,139,83,56
13031,3080,1544,1536
13032,1225,627,598
13033,1918,965,953
13038,1831,888,943
13034,74743,35421,39322
13035,1129,554,575
13036,882,468,414
13037,973,483,490
13039,18051,9004,9047
13040,1022,504,518
13041,261,142,119
13042,1031,546,485
13043,217,112,105
13044,3253,1677,1576
13045,731,359,372
13046,731,362,369
13047,8425,4303,4122
13048,532,271,261
13049,903,457,446
13050,569,282,287
13904,719,354,365
13051,374,202,172
13052,8129,4021,4108
13053,18043,8930,9113
13054,6016,3028,2988
13055,688,346,342
13056,15316,7705,7611
13057,1330,701,629
13058,5279,2672,2607
13059,219,113,106
13060,223,123,100
13061,7385,3707,3678
13062,654,340,314
13063,4459,2271,2188
13064,2571,1320,1251
13065,3571,1825,1746
13066,3443,1760,1683
13067,370,198,172
13068,1200,658,542
13069,701,357,344
13070,937,463,474
13071,47881,23165,24716
13072,978,539,439
13901,1111,588,523
13902,548,276,272
13073,577,307,270
13074,1128,581,547
13075,213,114,99
13076,523,254,269
13077,4154,2060,2094
13078,12268,6184,6084
13080,333,176,157
13079,15523,7832,7691
13081,697,360,337
13082,36091,17867,18224
13083,2959,1479,1480
13084,1018,495,523
13085,2752,1395,1357
13086,169,88,81
13087,30210,14762,15448
13088,692,324,368
13089,1854,895,959
13090,1180,572,608
13091,602,303,299
13092,2123,1083,1040
13093,5030,2477,2553
13094,295,159,136
13095,86,46,40
13096,9902,4915,4987
13097,2845,1426,1419
13098,2363,1144,1219
14001,4185,2155,2030
14002,13438,6738,6700
14003,1473,713,760
14004,2409,1204,1205
14005,7964,3987,3977
14006,1524,754,770
14007,19338,9868,9470
14008,3273,1571,1702
14009,2964,1435,1529
14010,4975,2492,2483
14011,681,351,330
14012,7537,3752,3785
14013,20417,9961,10456
14014,2969,1526,1443
14015,2454,1251,1203
14016,1503,744,759
14017,14067,7026,7041
14018,4457,2204,2253
14019,7834,3889,3945
14020,401,196,205
14021,325708,156417,169291
14022,4684,2282,2402
14023,2416,1199,1217
14024,2285,1130,1155
14025,3333,1673,1660
14026,2438,1227,1211
14027,9668,4856,4812
14028,350,183,167
14029,4651,2398,2253
14030,10817,5425,5392
14031,680,327,353
14032,456,233,223
14033,1578,788,790
14034,353,182,171
14035,6868,3365,3503
14036,4541,2266,2275
14037,4343,2175,2168
14038,42530,21212,21318
14039,3037,1532,1505
14040,4429,2202,2227
14041,3874,1947,1927
14042,23031,11423,11608
14043,9436,4641,4795
14044,1964,976,988
14045,3726,1870,1856
14046,5393,2733,2660
14047,1990,1043,947
14048,1481,743,738
14049,21159,10540,10619
14050,2834,1434,1400
14051,1529,738,791
14052,10870,5245,5625
14053,7343,3648,3695
14054,17222,8382,8840
14055,22585,11008,11577
14056,30241,15058,15183
14057,7508,3731,3777
14058,9857,4906,4951
14059,814,404,410
14061,768,384,384
14060,6014,3039,2975
14062,1063,517,546
14063,1157,578,579
14064,368,178,190
14065,2284,1138,1146
14066,7200,3603,3597
14067,4861,2481,2380
14068,643,314,329
14069,8774,4340,4434
14070,1494,753,741
14071,1068,520,548
14072,1154,577,577
14073,3298,1700,1598
14074,2568,1278,1290
14075,641,326,315
15001,5454,2684,2770
15002,31278,15015,16263
15003,1894,984,910
15004,5671,2798,2873
15005,31917,15853,16064
15006,6053,3010,3043
15007,3505,1659,1846
15008,6602,3222,3380
15009,12916,6131,6785
15010,2022,1026,996
15011,18844,9191,9653
15012,4215,2069,2146
15013,7748,3727,4021
15014,4337,2091,2246
15015,3318,1628,1690
15016,5322,2605,2717
15017,24603,12027,12576
15018,1238,617,621
15019,31261,15299,15962
15901,3945,1959,1986
15020,4031,1915,2116
15021,6294,3096,3198
15022,6794,3373,3421
15023,7576,3627,3949
15024,5023,2478,2545
15025,1126,551,575
15027,1824,896,928
15028,1578,764,814
15029,6177,2955,3222
15030,244850,113613,131237
15031,30221,14586,15635
15032,3958,1979,1979
15033,2791,1357,1434
15034,3040,1467,1573
15035,13013,6214,6799
15036,66799,31319,35480
15037,4701,2375,2326
15038,2385,1182,1203
15039,1333,664,669
15041,11302,5564,5738
15040,3084,1543,1541
15042,3386,1658,1728
15043,5447,2646,2801
15044,1363,670,693
15045,3947,1887,2060
15046,7443,3659,3784
15047,2582,1271,1311
15048,6056,3024,3032
15049,1226,576,650
15050,1962,1014,948
15051,5307,2582,2725
15053,8695,4205,4490
15052,4736,2297,2439
15054,39115,18891,20224
15055,5112,2478,2634
15056,6877,3325,3552
15057,14271,6839,7432
15058,35559,17193,18366
15059,12632,6157,6475
15060,7452,3700,3752
15061,5804,2773,3031
15062,6412,3081,3331
15902,5155,2596,2559
15064,2419,1179,1240
15065,8386,4025,4361
15066,4656,2333,2323
15067,9390,4568,4822
15068,5565,2794,2771
15069,7884,3775,4109
15070,10237,4999,5238
15071,9243,4596,4647
15072,11104,5421,5683
15073,27067,13355,13712
15074,4564,2177,2387
15075,15495,7574,7921
15076,2828,1401,1427
15077,9450,4576,4874
15078,96405,44780,51625
15079,1610,825,785
15080,1799,927,872
15081,1103,553,550
15082,18525,9115,9410
15083,1151,599,552
15084,3361,1581,1780
15085,3620,1806,1814
15086,3148,1551,1597
15088,3925,1884,2041
15087,6613,3209,3404
15089,5046,2485,2561
15091,1231,629,602
15090,1225,645,580
15092,7138,3421,3717
15093,4581,2219,2362
16001,64,39,25
16002,234,116,118
16003,153,70,83
16004,252,134,118
16005,268,142,126
16006,125,58,67
16007,1590,802,788
16008,90,50,40
16009,56,32,24
16010,137,65,72
16011,30,16,14
16012,90,52,38
16013,25,14,11
16014,659,342,317
16015,375,208,167
16016,225,131,94
16017,390,212,178
16018,431,221,210
16019,195,104,91
16020,10,5,5
16905,1665,847,818
16022,85,49,36
16024,147,81,66
16025,26,14,12
16026,95,48,47
16027,903,482,421
16029,87,54,33
16030,19,14,5
16031,35,19,16
16032,328,169,159
16033,1938,972,966
16034,165,95,70
16035,279,133,146
16036,144,69,75
16038,40,26,14
16039,446,235,211
16040,90,53,37
16041,414,221,193
16042,1344,665,679
16043,113,63,50
16044,40,19,21
16901,767,380,387
16045,219,121,98
16046,247,126,121
16047,252,134,118
16048,467,255,212
16049,151,80,71
16050,267,134,133
16051,138,71,67
16052,769,395,374
16053,456,251,205
16055,785,404,381
16056,495,265,230
16057,75,45,30
16058,111,57,54
16060,877,427,450
16061,1210,637,573
16062,27,18,9
16063,111,59,52
16064,836,441,395
16065,459,229,230
16066,3072,1604,1468
16067,155,79,76
16068,150,82,68
16070,30,16,14
16072,139,80,59
16071,21,10,11
16073,216,111,105
16023,602,316,286
16081,57,33,24
16074,30,17,13
16078,54898,26154,28744
16079,29,21,8
16082,321,170,151
16083,49,25,24
16084,48,27,21
16085,169,90,79
16086,1212,629,583
16087,248,130,118
16088,105,56,49
16904,525,275,250
16089,454,239,215
16091,70,39,31
16092,183,106,77
16093,68,37,31
16094,154,84,70
16095,93,52,41
16096,365,193,172
16097,145,73,72
16098,678,346,332
16099,195,98,97
16100,789,386,403
16101,142,78,64
16102,1597,800,797
16103,263,142,121
16104,53,29,24
16106,3526,1789,1737
16107,98,57,41
16108,51,27,24
16109,52,29,23
16110,124,72,52
16111,190,108,82
16112,1777,919,858
16113,4299,2131,2168
16115,45,26,19
16116,65,39,26
16117,1216,613,603
16118,1584,782,802
16119,189,95,94
16121,251,130,121
16122,293,150,143
16123,70,41,29
16124,2328,1178,1150
16125,2211,1130,1081
16126,926,459,467
16128,67,36,31
16129,106,54,52
16130,626,334,292
16131,110,64,46
16132,36,23,13
16133,6030,2995,3035
16134,5959,2972,2987
16135,138,78,60
16137,43,21,22
16139,334,176,158
16140,21,11,10
16141,133,68,65
16142,151,87,64
16143,15,11,4
16145,485,249,236
16146,81,41,40
16147,67,41,26
16148,625,323,302
16149,159,81,78
16150,101,53,48
16151,58,33,25
16152,34,22,12
16153,1127,569,558
16154,6548,3345,3203
16155,611,334,277
16156,96,57,39
16157,215,118,97
16158,679,337,342
16159,213,105,108
16160,59,35,24
16161,53,29,24
16162,27,13,14
16163,64,35,29
16165,60,31,29
16166,290,156,134
16908,188,89,99
16167,305,144,161
16169,51,33,18
16170,920,469,451
16171,2418,1195,1223
16172,345,181,164
16174,183,103,80
16175,7589,3914,3675
16176,46,26,20
16177,118,62,56
16181,67,31,36
16185,38,28,10
16186,505,260,245
16187,81,48,33
16188,100,58,42
16189,296,158,138
16190,7107,3586,3521
16191,1040,522,518
16192,46,24,22
16193,55,32,23
16194,227,122,105
16196,688,357,331
16195,590,289,301
16197,68,41,27
16198,1643,831,812
16199,23,11,12
16909,756,389,367
16202,884,470,414
16203,14990,7425,7565
16204,280,148,132
16205,124,61,63
16206,195,103,92
16209,114,69,45
16211,363,187,176
16212,257,126,131
16213,39,24,15
16215,259,143,116
16216,302,160,142
16217,96,53,43
16218,223,117,106
16219,89,46,43
16906,75,48,27
16224,88,49,39
16225,66,41,25
16227,113,67,46
16228,203,125,78
16902,130,74,56
16903,1516,801,715
16231,48,27,21
16173,216,121,95
16234,28,16,12
16236,1071,537,534
16237,102,54,48
16238,501,257,244
16239,134,85,49
16240,100,57,43
16242,348,172,176
16243,470,241,229
16244,745,380,365
16245,476,232,244
16246,515,285,230
16247,76,39,37
16248,1016,504,512
16249,2522,1281,1241
16250,70,43,27
16251,2304,1164,1140
16253,378,202,176
16254,229,113,116
16255,165,88,77
16263,1258,673,585
16258,189,101,88
16259,47,27,20
16910,82,47,35
16264,454,232,222
16265,21,9,12
16266,385,191,194
16269,466,231,235
16270,196,104,92
16271,821,408,413
16272,233,139,94
16273,337,179,158
16274,128,67,61
16275,10,6,4
16276,22,14,8
16277,124,67,57
16278,64,32,32
16279,229,129,100
16280,181,96,85
20001,320,173,147
20002,469,256,213
20016,2081,1098,983
20003,777,394,383
20004,309,160,149
20005,1726,884,842
20006,374,183,191
20906,179,87,92
20007,427,223,204
20008,939,508,431
20009,14618,7209,7409
20010,2034,1052,982
20011,2136,1070,1066
20012,205,100,105
20013,6987,3514,3473
20055,22019,10822,11197
20014,1533,802,731
20903,6272,3204,3068
20015,1669,863,806
20017,11609,5768,5841
20018,14786,7387,7399
20904,137,75,62
20019,13881,6938,6943
20020,151,90,61
20021,239,129,110
20022,1081,559,522
20074,14596,7257,7339
20023,602,315,287
20024,508,279,229
20029,5457,2717,2740
20069,186665,87764,98901
20030,27406,13294,14112
20031,239,123,116
20033,1135,572,563
20032,11582,5730,5852
20067,39355,19037,20318
20066,589,311,278
20034,4087,2052,2035
20035,575,296,279
20038,488,256,232
20037,129,74,55
20907,153,83,70
20039,2818,1428,1390
20040,20222,9890,10332
20041,313,165,148
20036,17018,8462,8556
20042,4172,2082,2090
20043,2305,1170,1135
20044,488,248,240
20045,61983,30306,31677
20046,1862,961,901
20047,641,327,314
20048,253,139,114
20902,18253,8873,9380
20049,5646,2838,2808
20050,377,195,182
20051,8384,4251,4133
20052,1430,728,702
20068,232,129,103
20053,6045,3006,3039
20054,602,312,290
20901,2010,1014,996
20057,252,139,113
20056,5354,2712,2642
20063,10276,5103,5173
20058,945,478,467
20059,11335,5601,5734
20076,10150,4996,5154
20905,218,112,106
20060,123,67,56
20061,5948,2998,2950
20062,1302,661,641
20064,16128,7739,8389
20070,1432,720,712
20065,3894,1945,1949
20071,19525,9431,10094
20072,6170,3080,3090
20077,6730,3319,3411
20073,6165,3092,3073
20075,5881,2938,2943
20078,1613,827,786
20079,23223,11308,11915
20025,1519,773,746
20026,252,120,132
20027,3725,1955,1770
20028,2976,1489,1487
20081,10044,5004,5040
20080,9834,4857,4977
17001,841,418,423
17002,767,388,379
17003,139,72,67
17004,765,396,369
17006,1559,809,750
17007,2256,1106,1150
17008,5519,2735,2784
17009,6515,3378,3137
17010,423,219,204
17011,937,468,469
17012,1604,803,801
17015,19615,9741,9874
17016,1000,521,479
17013,3934,1972,1962
17018,671,328,343
17019,2467,1161,1306
17020,4941,2493,2448
17021,187,101,86
17022,10859,5407,5452
17234,238,120,118
17023,38790,19272,19518
17029,269,139,130
17024,383,200,183
17025,1701,851,850
17026,702,369,333
17027,3733,1855,1878
17028,369,185,184
17031,273,153,120
17030,944,502,442
17032,2752,1344,1408
17033,7458,3716,3742
17034,10897,5457,5440
17035,690,347,343
17036,3204,1556,1648
17037,133,70,63
17038,535,263,272
17039,2261,1111,1150
17040,708,364,344
17041,313,155,158
17042,613,308,305
17044,10359,5285,5074
17046,956,486,470
17047,10820,5495,5325
17048,10585,5215,5370
17189,1976,981,995
17049,5390,2708,2682
17050,948,487,461
17051,300,148,152
17054,465,235,230
17055,176,88,88
17057,1253,642,611
17056,2322,1182,1140
17058,251,130,121
17901,1274,639,635
17060,557,276,281
17061,227,122,105
17062,10417,5308,5109
17063,206,106,100
17064,425,210,215
17065,433,222,211
17005,576,287,289
17066,46381,22917,23464
17067,1081,525,556
17068,305,159,146
17069,455,231,224
17070,138,76,62
17071,1474,733,741
17902,1713,843,870
17073,2649,1316,1333
17074,732,362,370
17075,439,226,213
17076,175,94,81
17077,840,416,424
17078,429,213,216
17079,100266,48030,52236
17080,186,94,92
17081,392,220,172
17082,529,278,251
17083,4139,2096,2043
17084,278,159,119
17085,390,206,184
17086,3233,1620,1613
17087,335,180,155
17088,787,386,401
17089,8297,4240,4057
17090,693,353,340
17091,514,267,247
17092,4868,2412,2456
17093,1239,617,622
17094,1428,764,664
17095,37350,19099,18251
17096,219,122,97
17102,681,336,345
17103,6919,3561,3358
17097,282,136,146
17098,413,217,196
17100,272,140,132
17101,730,394,336
17099,98,58,40
17105,312,159,153
17106,190,98,92
17107,328,159,169
17109,899,475,424
17110,1691,858,833
17111,1313,647,666
17112,226,129,97
17114,34486,17139,17347
17115,382,202,180
17116,416,217,199
17117,22860,11322,11538
17118,17898,8742,9156
17119,95,56,39
17121,295,160,135
17120,1439,718,721
17123,467,229,238
17124,2461,1246,1215
17125,162,90,72
17126,394,200,194
17128,547,278,269
17129,195,101,94
17130,447,216,231
17132,1868,916,952
17133,1660,843,817
17134,303,170,133
17135,530,265,265
17136,247,135,112
17137,4595,2281,2314
17140,980,502,478
17138,1077,525,552
17139,1763,873,890
17141,8981,4475,4506
17142,3640,1825,1815
17043,186,103,83
17143,179,90,89
17144,276,142,134
17145,1766,879,887
17146,4002,2060,1942
17147,10632,5251,5381
17148,2181,1125,1056
17149,462,224,238
17150,2059,1053,1006
17151,263,132,131
17152,19319,9713,9606
17153,269,135,134
17154,151,76,75
17155,30622,16048,14574
17157,156,82,74
17183,351,186,165
17158,635,368,267
17159,804,419,385
17160,21824,10761,11063
17161,1343,648,695
17162,245,125,120
17163,3740,1916,1824
17164,5591,2818,2773
17165,840,406,434
17167,3224,1606,1618
17168,502,241,261
17185,2966,1506,1460
17166,731,359,372
17169,3461,1749,1712
17903,1275,656,619
17171,251,131,120
17172,626,324,302
17173,249,127,122
17174,228,120,108
17175,746,395,351
17176,177,93,84
17177,707,349,358
17178,2039,1088,951
17180,12894,6490,6404
17181,5203,2608,2595
17182,363,191,172
17184,1573,794,779
17186,5114,2513,2601
17187,848,419,429
17188,187,106,81
17190,1108,570,538
17191,210,117,93
17192,168,89,79
17193,5969,3023,2946
17052,162,77,85
17194,97,56,41
17195,459,234,225
17196,314,149,165
17197,165,90,75
17198,723,365,358
17199,11537,5842,5695
17200,801,390,411
17201,165,100,65
17202,5584,2816,2768
17204,1139,625,514
17205,286,141,145
17203,214,117,97
17206,178,84,94
17014,85,46,39
17208,1286,651,635
17207,3029,1528,1501
17170,212,115,97
17209,912,454,458
17210,854,432,422
17211,1189,582,607
17212,173,88,85
17213,7740,3995,3745
17214,951,486,465
17215,2789,1383,1406
17217,466,246,220
17216,204,108,96
17218,823,432,391
17220,1026,505,521
17221,5443,2658,2785
17223,1112,552,560
17224,404,211,193
17225,312,167,145
17226,1157,581,576
17227,208,116,92
17228,399,198,201
17230,709,348,361
17222,147,77,70
17233,3196,1660,1536
17232,205,109,96
18001,288,141,147
18002,599,307,292
18003,18746,9329,9417
18004,729,403,326
18005,415,214,201
18006,7128,3879,3249
18007,830,419,411
18010,628,331,297
18011,5378,2735,2643
18012,2591,1333,1258
18013,5980,3201,2779
18014,9168,4630,4538
18015,475,235,240
18016,346,186,160
18017,26377,13032,13345
18904,978,550,428
18018,624,311,313
18020,1178,613,565
18021,23968,11936,12032
18022,18554,9254,9300
18023,20519,10210,10309
18024,985,518,467
18025,340,171,169
18027,3285,1636,1649
18028,1065,551,514
18029,2297,1155,1142
18030,719,387,332
18032,302,158,144
18033,279,146,133
18034,578,292,286
18035,1469,768,701
18036,5070,2445,2625
18114,661,330,331
18037,609,305,304
18038,1253,643,610
18039,4060,2085,1975
18040,343,184,159
18042,558,278,280
18043,178,96,82
18044,244,144,100
18045,1337,692,645
18046,2124,1098,1026
18047,7928,3969,3959
18059,5546,2741,2805
18061,1291,673,618
18062,14851,7407,7444
18048,3243,1657,1586
18049,656,362,294
18050,2044,1018,1026
18051,1350,706,644
18053,1901,945,956
18054,993,526,467
18912,1774,886,888
18056,4171,2084,2087
18057,7378,3732,3646
18063,1583,805,778
18064,420,213,207
18065,723,367,356
18066,2616,1311,1305
18067,755,391,364
18068,2032,1017,1015
18069,621,337,284
18915,890,465,425
18070,320,170,150
18071,6975,3467,3508
18072,789,404,385
18074,300,155,145
18076,993,517,476
18078,900,460,440
18079,4387,2197,2190
18905,20703,10547,10156
18082,1090,549,541
18083,233,110,123
18084,5703,2898,2805
18085,736,377,359
18086,379,196,183
18087,232208,107414,124794
18088,1924,993,931
18089,18718,9264,9454
18906,1028,538,490
18093,5210,2787,2423
18094,2849,1517,1332
18095,2541,1336,1205
18096,388,203,185
18097,1151,614,537
18098,7367,3643,3724
18099,1882,970,912
18100,10286,5182,5104
18101,11966,6014,5952
18102,10135,5063,5072
18103,1002,503,499
18105,5085,2605,2480
18106,599,326,273
18107,1104,561,543
18108,977,511,466
18109,909,478,431
18111,3785,1932,1853
18112,142,68,74
18115,3354,1721,1633
18116,3485,1738,1747
18117,576,310,266
18119,2103,1068,1035
18120,328,172,156
18121,148,78,70
18122,20371,10143,10228
18123,332,177,155
18124,462,252,210
18126,1827,915,912
18127,22047,10849,11198
18128,409,193,216
18132,3723,1857,1866
18133,2759,1411,1348
18134,7826,4033,3793
18135,5479,2763,2716
18136,2163,1112,1051
18137,1157,610,547
18138,3159,1592,1567
18909,619,334,285
18140,60592,29831,30761
18141,464,259,205
18903,1079,556,523
18143,1182,604,578
18144,996,524,472
18145,14025,6940,7085
18146,1198,609,589
18147,5649,2837,2812
18148,1029,523,506
18150,8396,4220,4176
18151,321,160,161
18152,1134,556,578
18153,11286,5603,5683
18154,1177,600,577
18910,919,475,444
18157,1449,762,687
18158,10144,5101,5043
18159,1120,608,512
18161,236,127,109
18162,1703,929,774
18163,389,199,190
18164,2292,1176,1116
18165,5348,2656,2692
18167,2312,1176,1136
18168,916,468,448
18170,382,212,170
18171,2639,1330,1309
18173,12396,6173,6223
18174,541,281,260
18175,14986,7368,7618
18176,266,144,122
18177,545,299,246
18901,653,343,310
18178,759,402,357
18179,663,347,316
18180,742,386,356
18181,255,153,102
18182,2521,1240,1281
18914,2086,1020,1066
18907,2145,1094,1051
18902,935,465,470
18183,672,344,328
18911,10981,5609,5372
18184,2870,1425,1445
18185,610,332,278
18149,6917,3478,3439
18908,950,477,473
18187,585,310,275
18188,2024,997,1027
18189,980,509,471
18192,2057,1097,960
18913,855,432,423
18193,18995,9374,9621
18194,2597,1338,1259
19001,53,29,24
19002,60,34,26
19003,31,17,14
19004,62,27,35
19005,156,101,55
19006,918,517,401
19007,540,271,269
19008,46,31,15
19009,326,168,158
19010,12,8,4
19011,321,174,147
19013,125,79,46
19015,84,49,35
19016,59,42,17
19017,77,46,31
19018,157,90,67
19019,16,8,8
19020,58,38,20
19021,1306,686,620
19022,720,352,368
19023,177,88,89
19024,12570,6383,6187
19027,157,89,68
19031,10,8,2
19032,163,83,80
19033,51,29,22
19034,23,17,6
19036,390,205,185
19037,158,93,65
19038,26,19,7
19039,65,44,21
19040,51,32,19
19041,226,124,102
19042,22,12,10
19043,92,59,33
19044,431,247,184
19045,146,81,65
19046,34685,17550,17135
19047,55,29,26
19048,17,12,5
19049,14,12,2
19050,16,11,5
19051,50,34,16
19052,26,16,10
19053,2399,1252,1147
19054,208,122,86
19055,43,21,22
19057,76,46,30
19058,10123,5138,4985
19059,79,45,34
19060,147,94,53
19061,52,38,14
19064,63,40,23
19065,144,88,56
19066,58,33,25
19067,64,40,24
19070,93,51,42
19071,11812,6009,5803
19073,18,15,3
19074,83,49,34
19075,63,39,24
19076,26,14,12
19078,56,36,20
19079,9,5,4
19080,71,39,32
19081,24,15,9
19082,107,57,50
19103,273,163,110
19104,17,9,8
19106,92,53,39
19105,3508,1819,1689
19086,1697,896,801
19087,23,12,11
19088,104,59,45
19089,32,20,12
19090,115,59,56
19091,30,17,13
19092,549,323,226
19095,14,9,5
19096,105,60,45
19097,16,12,4
19098,24,17,7
19099,345,188,157
19102,118,61,57
19107,339,182,157
19108,109,58,51
19109,35,20,15
19110,60,32,28
19111,171,105,66
19112,50,20,30
19113,665,343,322
19114,38,26,12
19115,30,17,13
19116,13,8,5
19117,2364,1232,1132
19118,8,5,3
19119,88,56,32
19120,131,73,58
19121,284,160,124
19122,89,49,40
19123,43,24,19
19124,526,290,236
19125,49,33,16
19126,2416,1292,1124
19127,107,58,49
19129,29,17,12
19130,84910,40835,44075
19132,100,52,48
19133,272,165,107
19134,19,12,7
19135,118,67,51
19136,19,10,9
19138,307,169,138
19139,29,18,11
19142,299,178,121
19143,2538,1288,1250
19145,43,26,17
19146,44,28,16
19147,42,29,13
19148,53,34,19
19150,130,81,49
19151,1487,731,756
19152,654,365,289
19153,21,13,8
19154,63,42,21
19155,73,49,24
19156,1434,752,682
19157,55,39,16
19159,99,52,47
19160,1199,658,541
19161,250,130,120
19162,72,41,31
19163,67,34,33
19165,55,31,24
19166,183,101,82
19167,156,87,69
19168,297,149,148
19169,37,22,15
19170,222,120,102
19171,7229,3626,3603
19172,51,29,22
19173,61,38,23
19174,106,54,52
19175,37,17,20
19176,257,136,121
19177,72,37,35
19178,30,19,11
19179,88,51,37
19181,60,37,23
19182,40,26,14
19184,102,63,39
19183,77,47,30
19185,28,19,9
19186,83,49,34
19187,55,32,23
19188,48,27,21
19189,172,91,81
19190,3295,1654,1641
19191,14,6,8
19192,2637,1356,1281
19193,26,15,11
19194,100,57,43
19195,38,23,15
19196,102,55,47
19197,28,19,9
19198,17,9,8
19199,18,13,5
19200,75,43,32
19201,64,35,29
19202,9,5,4
19203,27,16,11
19204,177,109,68
19208,41,25,16
19209,44,25,19
19210,19,10,9
19211,389,228,161
19212,873,439,434
19213,77,47,30
19214,76,44,32
19215,152,98,54
19216,156,83,73
19217,49,34,15
19218,52,27,25
19219,11,9,2
19220,3770,1978,1792
19221,56,36,20
19222,111,57,54
19223,120,62,58
19224,106,65,41
19225,1269,676,593
19226,42,29,13
19227,61,40,21
19228,36,21,15
19229,60,33,27
19230,778,406,372
19231,12,8,4
19232,60,38,22
19233,92,54,38
19234,42,28,14
19235,87,50,37
19237,44,25,19
19238,49,29,20
19239,106,53,53
19240,45,27,18
19241,42,25,17
19242,100,53,47
19243,40,30,10
19244,85,47,38
19245,1519,792,727
19246,44,23,21
19247,155,87,68
19248,72,46,26
19249,35,19,16
19250,18,10,8
19251,53,31,22
19252,81,47,34
19254,47,22,25
19901,40,23,17
19255,76,45,31
19256,53,31,22
19257,4356,2154,2202
19258,96,56,40
19259,35,16,19
19260,41,22,19
19261,34,18,16
19262,123,67,56
19263,44,22,22
19264,33,21,12
19265,149,88,61
19266,304,166,138
19267,22,12,10
19268,30,20,10
19269,96,55,41
19271,50,28,22
19270,13,10,3
19272,96,54,42
19274,1424,741,683
19279,502,268,234
19277,19,13,6
19278,25,15,10
19280,5300,2754,2546
19281,23,15,8
19282,175,102,73
19283,40,19,21
19284,11,7,4
19285,22,12,10
19286,1012,561,451
19287,206,115,91
19288,18,12,6
19289,27,19,8
19290,1172,626,546
19291,1319,693,626
19293,2573,1334,1239
19294,28,16,12
19296,35,24,11
19297,35,18,17
19298,79,52,27
19299,108,57,51
19300,1062,556,506
19301,40,24,16
19302,57,35,22
19303,49,35,14
19304,253,140,113
19305,168,99,69
19306,22,12,10
19307,25,16,9
19308,59,41,18
19309,25,12,13
19310,8,5,3
19311,82,44,38
19314,48,32,16
19317,162,89,73
19318,29,19,10
19319,6568,3298,3270
19321,47,30,17
19322,27,13,14
19323,36,21,15
19324,185,103,82
19325,137,70,67
19326,3518,1836,1682
19327,444,236,208
19329,63,33,30
19330,77,46,31
19331,3937,1995,1942
19332,86,50,36
19333,125,82,43
19334,37,21,16
19335,70,36,34
21001,763,385,378
21002,21054,10466,10588
21003,837,439,398
21004,1837,984,853
21005,24013,11642,12371
21006,3942,1926,2016
21007,8040,3959,4081
21008,3109,1553,1556
21009,965,502,463
21010,20883,10483,10400
21011,4236,2135,2101
21012,319,160,159
21013,14114,7016,7098
21014,6060,3017,3043
21015,741,387,354
21016,1184,600,584
21017,4077,2068,2009
21018,2036,986,1050
21019,702,356,346
21020,411,209,202
21021,19433,9974,9459
21022,209,118,91
21023,2389,1187,1202
21030,2232,1136,1096
21024,543,274,269
21025,4735,2406,2329
21026,305,147,158
21027,57,34,23
21028,373,186,187
21029,1785,882,903
21031,1332,669,663
21032,2278,1109,1169
21033,623,314,309
21034,1401,685,716
21035,12548,6259,6289
21036,235,123,112
21037,519,277,242
21038,1293,666,627
21039,307,151,156
21040,3909,1962,1947
21041,144258,69336,74922
21042,21077,10540,10537
21043,2258,1136,1122
21044,27047,13951,13096
21045,262,129,133
21046,3395,1778,1617
21047,2079,1056,1023
21048,402,215,187
21049,3866,1870,1996
21050,21699,10862,10837
21051,253,132,121
21052,5303,2555,2748
21053,4103,2071,2032
21054,10762,5357,5405
21055,11112,5613,5499
21056,3484,1760,1724
21057,1167,590,577
21058,3142,1612,1530
21059,281,138,143
21060,15134,7715,7419
21061,7751,3927,3824
21062,1707,849,858
21063,3679,1828,1851
21064,9198,4635,4563
21066,607,316,291
21065,396,196,200
21067,480,229,251
21068,1054,519,535
21069,2004,1039,965
21070,7782,3868,3914
21071,243,112,131
21072,12780,6285,6495
21073,2839,1398,1441
21074,3283,1623,1660
21075,382,180,202
21076,2761,1383,1378
21077,2152,1083,1069
21078,3090,1563,1527
21079,831,432,399
22001,237,124,113
22002,151,76,75
22003,172,91,81
22004,130,78,52
22907,2151,1084,1067
22006,321,174,147
22007,1102,586,516
22008,181,102,79
22009,721,376,345
22011,105,63,42
22012,141,76,65
22013,309,158,151
22014,246,130,116
22015,325,179,146
22016,652,320,332
22017,1160,614,546
22018,363,194,169
22019,201,101,100
22020,127,66,61
22021,2394,1228,1166
22022,654,338,316
22023,471,236,235
22024,296,158,138
22025,1409,743,666
22027,367,196,171
22028,431,217,214
22029,149,75,74
22032,116,64,52
22035,318,173,145
22036,96,56,40
22037,129,70,59
22039,1041,516,525
22040,176,83,93
22041,174,85,89
22042,153,70,83
22043,104,59,45
22044,279,166,113
22045,77,44,33
22046,823,424,399
22047,292,153,139
22048,16944,8236,8708
22049,77,44,33
22050,95,49,46
22051,105,59,46
22052,1292,733,559
22053,1107,569,538
22054,2157,1150,1007
22246,78,46,32
22055,345,177,168
22057,476,254,222
22058,231,130,101
22059,1479,776,703
22060,1555,828,727
22061,9435,4935,4500
22062,181,98,83
22063,189,102,87
22064,183,104,79
22066,986,534,452
22067,86,50,36
22068,80,48,32
22069,531,301,230
22072,218,129,89
22074,323,171,152
22075,137,72,65
22076,321,178,143
22077,317,168,149
22078,532,294,238
22079,174,77,97
22080,354,186,168
22081,269,145,124
22083,531,284,247
22084,753,387,366
22082,315,164,151
22085,108,58,50
22086,267,140,127
22087,86,51,35
22088,169,85,84
22089,312,167,145
22094,108,55,53
22095,86,54,32
22096,391,200,191
22090,114,64,50
22099,541,266,275
22102,204,117,87
22103,794,383,411
22105,126,69,57
22106,23,12,11
22107,97,61,36
22109,327,182,145
22110,870,432,438
22111,173,92,81
22112,14979,7594,7385
22113,597,314,283
22114,149,81,68
22115,426,228,198
22116,1753,907,846
22117,3305,1617,1688
22119,1476,755,721
22122,76,37,39
22908,226,131,95
22124,218,118,100
22125,52463,25023,27440
22126,97,55,42
22127,705,366,339
22128,212,110,102
22129,238,126,112
22130,12813,6302,6511
22131,92,53,39
22133,162,91,71
22135,194,103,91
22136,913,475,438
22137,1202,637,565
22139,91,48,43
22141,126,80,46
22142,136,70,66
22143,230,134,96
22144,291,160,131
22149,331,184,147
22150,522,296,226
22151,106,52,54
22905,341,171,170
22155,73,39,34
22156,403,220,183
22157,215,121,94
22158,17061,8614,8447
22160,269,141,128
22162,155,75,80
22163,532,292,240
22164,50,24,26
22165,533,269,264
22167,687,377,310
22168,27,14,13
22170,786,404,382
22172,622,315,307
22173,251,158,93
22174,562,295,267
22175,219,125,94
22176,199,99,100
22177,109,58,51
22178,110,63,47
22181,98,54,44
22182,287,145,142
22184,200,108,92
22186,218,104,114
22187,372,185,187
22188,93,40,53
22902,260,130,130
22189,215,121,94
22190,154,89,65
22193,314,158,156
22195,283,138,145
22197,541,274,267
22199,9245,4621,4624
22200,294,153,141
22201,308,159,149
22202,167,81,86
22203,96,54,42
22204,1463,728,735
22205,506,257,249
22207,152,86,66
22903,813,419,394
22206,219,118,101
22208,231,124,107
22209,180,109,71
22906,208,112,96
22212,81,43,38
22213,4168,2167,2001
22214,146,67,79
22215,150,83,67
22217,489,261,228
22218,41,20,21
22220,167,94,73
22221,127,68,59
22222,664,366,298
22223,94,50,44
22904,894,472,422
22225,3528,1819,1709
22226,952,474,478
22227,226,126,100
22228,758,378,380
22229,123,67,56
22230,298,155,143
22232,103,57,46
22233,102,54,48
22234,1148,577,571
22235,92,56,36
22236,266,134,132
22239,99,62,37
22242,69,43,26
22243,34,20,14
22901,839,442,397
22244,46,23,23
22245,463,244,219
22909,399,210,189
22247,36,24,12
22248,116,68,48
22249,159,79,80
22250,447,237,210
22251,394,199,195
22252,147,85,62
22253,60,36,24
22254,1774,939,835
23001,1027,536,491
23002,21708,10678,11030
23003,10558,5193,5365
23004,501,270,231
23005,37113,18179,18934
23006,5595,2756,2839
23007,3610,1820,1790
23008,1767,884,883
23905,2323,1182,1141
23009,15902,7898,8004
23010,17820,8842,8978
23011,2611,1343,1268
23012,5191,2700,2491
23902,2682,1342,1340
23014,3075,1550,1525
23015,1567,789,778
23016,457,238,219
23017,1840,965,875
23018,2739,1427,1312
23019,1784,919,865
23020,1882,963,919
23021,606,313,293
23901,1373,717,656
23024,15306,7569,7737
23025,3364,1697,1667
23026,4120,2038,2082
23027,829,410,419
23028,7574,3690,3884
23029,962,491,471
23030,1459,704,755
23031,949,472,477
23032,643,317,326
23033,1592,799,793
23034,3086,1531,1555
23035,1387,715,672
23037,614,332,282
23038,4965,2527,2438
23039,2779,1395,1384
23041,616,329,287
23042,335,175,160
23043,620,312,308
23044,5845,2905,2940
23045,2527,1270,1257
23046,2884,1448,1436
23047,1935,964,971
23048,995,514,481
23049,2070,1042,1028
23050,113457,54533,58924
23051,3327,1684,1643
23052,1286,622,664
23053,11805,5877,5928
23040,1742,852,890
23054,482,244,238
23055,57811,28279,29532
23056,3673,1849,1824
23057,852,415,437
23058,11322,5627,5695
23059,6877,3429,3448
23060,24207,12006,12201
23061,9927,4941,4986
23062,1716,882,834
23063,4555,2280,2275
23064,1948,983,965
23065,1835,928,907
23066,5277,2607,2670
23067,2916,1464,1452
23069,6283,3171,3112
23070,4708,2391,2317
23071,2179,1091,1088
23072,2339,1163,1176
23073,5303,2689,2614
23074,3580,1828,1752
23075,3958,1953,2005
23076,913,483,430
23077,697,367,330
23904,3060,1573,1487
23079,4520,2324,2196
23080,2154,1079,1075
23081,1782,876,906
23082,2262,1134,1128
23084,1124,583,541
23085,2564,1297,1267
23086,14335,7168,7167
23087,13731,6747,6984
23088,7286,3554,3732
23090,1434,720,714
23091,804,417,387
23092,34602,16960,17642
23093,3799,1875,1924
23094,4519,2274,2245
23095,10795,5417,5378
23096,3146,1582,1564
23097,8301,4264,4037
23098,966,490,476
23099,5980,2991,2989
23101,416,221,195
23903,4357,2215,2142
24001,202,117,85
24002,286,145,141
24003,671,338,333
24004,558,321,237
24005,377,220,157
24006,533,292,241
24007,802,403,399
24008,11029,5204,5825
24009,308,166,142
24010,10307,4976,5331
24011,194,108,86
24012,313,178,135
24014,8979,4372,4607
24015,2497,1228,1269
24016,489,279,210
24017,580,297,283
24018,193,97,96
24019,360,169,191
24020,475,281,194
24021,1850,942,908
24022,319,169,150
24023,287,154,133
24024,733,388,345
24025,304,177,127
24026,1184,610,574
24027,1330,688,642
24028,412,226,186
24029,775,404,371
24030,5132,2551,2581
24031,231,134,97
24032,123,55,68
24033,203,112,91
24034,4062,2018,2044
24036,273,149,124
24037,357,197,160
24038,3472,1728,1744
24039,2269,1146,1123
24040,465,250,215
24041,557,283,274
24042,65,38,27
24043,122,71,51
24044,164,72,92
24046,979,504,475
24047,794,423,371
24049,1658,851,807
24050,113,59,54
24051,426,221,205
24052,153,94,59
24053,461,251,210
24065,2564,1344,1220
24054,472,244,228
24055,740,396,344
24056,3150,1555,1595
24057,1533,767,766
24058,209,119,90
24059,914,468,446
24060,544,290,254
24061,2018,1027,991
24062,147,84,63
24063,404,214,190
24064,1839,973,866
24066,495,235,260
24067,686,358,328
24068,462,241,221
24069,42,24,18
24070,4551,2230,2321
24071,1108,539,569
24073,500,258,242
24074,95,49,46
24076,1475,807,668
24077,244,119,125
24078,406,206,200
24079,944,514,430
24080,223,108,115
24081,128,66,62
24082,987,497,490
24083,1142,593,549
24084,174,86,88
24086,298,159,139
24087,666,356,310
24088,1066,549,517
24089,124772,56536,68236
24092,831,432,399
24090,383,201,182
24091,645,341,304
24093,362,187,175
24094,1743,875,868
24095,333,179,154
24096,118,70,48
24097,232,123,109
24098,1306,687,619
24099,175,92,83
24100,872,480,392
24101,395,196,199
24102,680,344,336
24103,278,164,114
24104,271,147,124
24105,1835,945,890
24106,240,138,102
24107,279,169,110
24108,382,185,197
24109,989,526,463
24110,1293,662,631
24112,317,185,132
24113,382,197,185
24114,3325,1689,1636
24115,65239,31021,34218
24116,433,253,180
24117,439,221,218
24118,122,68,54
24119,793,404,389
24120,355,205,150
24121,671,379,292
24122,1511,789,722
24123,748,415,333
24124,381,208,173
24125,354,178,176
24127,293,159,134
24129,123,67,56
24130,474,277,197
24131,772,410,362
24132,622,352,270
24133,379,209,170
24134,3884,1935,1949
24136,550,278,272
24137,1161,589,572
24139,2517,1237,1280
24141,106,59,47
24142,30820,14748,16072
24144,716,365,351
24145,665,362,303
24146,261,134,127
24148,1875,964,911
24149,168,88,80
24150,237,128,109
24143,561,278,283
24151,490,261,229
24152,504,273,231
24153,273,142,131
24154,1092,568,524
24155,492,257,235
24158,326,170,156
24156,233,129,104
24157,3096,1521,1575
24159,1939,967,972
24160,757,401,356
24161,334,186,148
24162,2108,1068,1040
24163,5040,2511,2529
24164,385,191,194
24165,324,162,162
24166,1557,813,744
24167,801,414,387
24168,508,276,232
24206,1887,928,959
24169,3157,1569,1588
24170,2162,1102,1060
24171,353,199,154
24172,413,213,200
24173,1005,510,495
24174,503,267,236
24185,515,256,259
24175,2177,1117,1060
24176,335,176,159
24177,509,289,220
24178,73,33,40
24179,337,196,141
24180,1224,652,572
24181,1661,854,807
24182,436,214,222
24183,853,445,408
24184,196,109,87
24187,1003,528,475
24188,5302,2593,2709
24191,124,76,48
24189,7294,3768,3526
24190,159,81,78
24193,393,209,184
24196,2137,1080,1057
24197,854,434,420
24198,604,314,290
24194,284,147,137
24199,437,241,196
24201,1117,650,467
24202,8919,4383,4536
24203,93,55,38
24205,1094,562,532
24207,336,183,153
24209,2974,1430,1544
24210,588,319,269
24211,308,170,138
24901,936,480,456
24212,1155,566,589
24213,152,87,65
24214,696,370,326
24215,162,82,80
24216,736,386,350
24217,158,90,68
24218,485,256,229
24219,563,307,256
24902,371,185,186
24221,896,455,441
24222,18676,9223,9453
24223,3001,1470,1531
24224,615,323,292
24225,1135,601,534
24226,196,111,85
24227,1877,981,896
24228,673,358,315
24229,429,250,179
24230,439,242,197
25001,181,99,82
25002,611,324,287
25003,5393,2700,2693
25038,2545,1328,1217
25004,796,421,375
25005,342,174,168
25006,375,199,176
25007,2335,1205,1130
25008,1576,862,714
25009,762,393,369
25010,232,118,114
25011,9422,4876,4546
25012,3419,1772,1647
25013,2822,1480,1342
25014,313,163,150
25015,399,216,183
25016,2937,1552,1385
25017,290,153,137
25019,6789,3554,3235
25020,314,174,140
25021,3453,1824,1629
25022,131,77,54
25023,6230,3129,3101
25024,406,228,178
25027,1328,670,658
25029,2162,1101,1061
25031,63,40,23
25032,85,48,37
25033,1538,804,734
25034,3447,1770,1677
25036,217,109,108
25037,455,261,194
25039,330,175,155
25040,16841,8519,8322
25041,939,505,434
25042,231,121,110
25044,231,113,118
25045,64,34,30
25046,525,265,260
25170,301,160,141
25047,1252,634,618
25048,2289,1129,1160
25049,193,94,99
25050,5060,2635,2425
25051,1979,1021,958
25052,2266,1149,1117
25053,1468,768,700
25055,181,97,84
25057,266,145,121
25058,6002,3054,2948
25059,1110,544,566
25056,257,139,118
25060,76,33,43
25061,97,52,45
25062,842,432,410
25063,84,48,36
25904,165,91,74
25064,137,70,67
25067,931,502,429
25068,687,361,326
25069,538,290,248
25070,1000,496,504
25071,46,28,18
25072,9066,4594,4472
25073,648,345,303
25074,206,109,97
25075,147,74,73
25076,161,88,73
25077,549,284,265
25163,265,160,105
25161,428,220,208
25078,1431,777,654
25079,358,184,174
25081,357,181,176
25082,352,190,162
25088,119,69,50
25085,160,85,75
25086,756,363,393
25087,69,36,33
25089,122,69,53
25908,253,141,112
25092,154,83,71
25093,792,388,404
25094,173,103,70
25096,1217,606,611
25097,84,43,41
25098,274,133,141
25912,1108,587,521
25099,1864,937,927
25100,209,120,89
25101,728,388,340
25102,956,519,437
25103,140,79,61
25105,144,87,57
25104,147,76,71
25109,270,146,124
25903,298,160,138
25110,7034,3746,3288
25111,138,88,50
25115,1028,546,482
25112,337,174,163
25113,1557,817,740
25114,104,57,47
25910,118,66,52
25118,393,211,182
25119,3409,1785,1624
25121,954,480,474
25122,2660,1340,1320
25123,227,111,116
25124,179,95,84
25125,460,239,221
25126,352,171,181
25120,137856,68070,69786
25127,255,146,109
25128,142,86,56
25129,195,107,88
25133,931,511,420
25130,225,115,110
25131,585,334,251
25132,232,122,110
25134,801,450,351
25135,1347,676,671
25137,14740,7543,7197
25136,109,54,55
25139,554,307,247
25140,1074,578,496
25138,635,327,308
25142,469,236,233
25141,190,105,85
25143,98,46,52
25145,93,52,41
25025,1790,928,862
25146,291,147,144
25148,260,153,107
25149,1787,900,887
25150,202,108,94
25151,961,508,453
25152,172,90,82
25153,212,114,98
25154,134,73,61
25155,792,396,396
25156,1009,512,497
25157,205,104,101
25158,2163,1070,1093
25164,462,266,196
25165,353,175,178
25166,203,119,84
25167,298,155,143
25911,507,269,238
25168,626,325,301
25169,191,107,84
25171,2939,1448,1491
25030,171,97,74
25173,2216,1107,1109
25172,2604,1299,1305
25174,703,399,304
25175,231,121,110
25176,385,198,187
25177,428,217,211
25179,224,109,115
25180,272,136,136
25181,231,131,100
25182,1363,700,663
25183,663,338,325
25905,422,215,207
25185,923,478,445
25186,261,130,131
25913,94,55,39
25189,3130,1571,1559
25190,324,174,150
25191,393,206,187
25196,129,78,51
25192,1040,546,494
25197,177,101,76
25193,934,457,477
25902,648,337,311
25194,495,262,233
25201,120,69,51
25200,361,198,163
25202,139,80,59
25035,427,223,204
25204,1889,1012,877
25203,12041,5834,6207
25205,733,385,348
25206,328,175,153
25207,9014,4465,4549
25208,399,215,184
25209,2164,1076,1088
25210,1764,926,838
25211,851,470,381
25212,355,208,147
25215,651,456,195
25216,247,142,105
25217,16795,8323,8472
25218,99,53,46
25219,183,100,83
25220,1383,705,678
25221,134,66,68
25222,74,38,36
25223,1244,624,620
25224,151,83,68
25225,879,473,406
25227,747,379,368
25226,289,153,136
25228,4630,2353,2277
25907,590,316,274
25230,2190,1124,1066
25231,742,426,316
25232,2307,1195,1112
25233,386,202,184
25234,5824,2847,2977
25043,1022,546,476
25901,372,195,177
25238,234,123,111
25240,1884,942,942
25906,272,151,121
25239,803,418,385
25909,168,87,81
25242,905,434,471
25243,5493,2787,2706
25244,510,261,249
25245,536,281,255
25247,159,90,69
25248,1170,582,588
25254,1039,531,508
25249,202,101,101
25250,395,225,170
25251,945,494,451
25252,717,358,359
25253,168,85,83
25255,482,252,230
27001,2428,1195,1233
27002,1757,847,910
27003,2008,985,1023
27004,1268,672,596
27901,2566,1348,1218
27005,2941,1408,1533
27006,2827,1422,1405
27007,3037,1527,1510
27008,1503,777,726
27902,9566,4753,4813
27009,2235,1126,1109
27010,5011,2468,2543
27011,2675,1382,1293
27012,1377,788,589
27013,4227,2076,2151
27016,8324,4024,4300
27014,3487,1768,1719
27015,4596,2226,2370
27017,1018,529,489
27018,3589,1867,1722
27019,10002,4865,5137
27020,3772,1903,1869
27022,5505,2739,2766
27023,2718,1393,1325
27024,1609,806,803
27026,2637,1338,1299
27027,2181,1059,1122
27028,98025,45456,52569
27029,1711,852,859
27030,3639,1712,1927
27031,18599,8827,9772
27032,3667,1827,1840
27033,636,314,322
27034,1103,622,481
27035,218,112,106
27037,1114,591,523
27038,1018,517,501
27039,5093,2624,2469
27040,3414,1731,1683
27041,2539,1232,1307
27042,1820,916,904
27043,1388,693,695
27044,3056,1543,1513
27045,1032,563,469
27047,1685,842,843
27046,1616,800,816
27048,2283,1104,1179
27049,1487,767,720
27050,3257,1559,1698
27056,1501,755,746
27051,9900,4733,5167
27052,970,483,487
27053,543,278,265
27054,1255,616,639
27055,1293,691,602
27057,13345,6524,6821
27058,3743,1889,1854
27059,2301,1133,1168
27060,2830,1341,1489
27061,1121,546,575
27062,643,317,326
27063,2004,963,1041
27064,1723,844,879
27065,14226,6894,7332
27066,15510,7606,7904
27021,1841,892,949
27025,3314,1647,1667
28001,65,35,30
28002,4559,2374,2185
28003,195,117,78
28004,9353,4617,4736
28005,193751,94359,99392
28006,116037,55613,60424
28007,169502,81750,87752
28008,2698,1408,1290
28009,20473,10091,10382
28010,14364,7037,7327
28011,601,301,300
28012,1272,661,611
28013,59037,28775,30262
28014,54554,27377,27177
28015,30052,15097,14955
28016,93,53,40
28017,1638,840,798
28018,5564,2787,2777
28019,1627,861,766
28021,741,379,362
28020,198,115,83
28022,52626,25703,26923
28023,7399,3724,3675
28024,205,122,83
28025,525,302,223
28026,10596,5209,5387
28027,1875,910,965
28028,2486,1240,1246
28029,712,365,347
28030,2613,1281,1332
28031,3049,1595,1454
28032,7226,3658,3568
28033,6075,3058,3017
28034,423,227,196
28035,1905,947,958
28036,3707,1877,1830
28037,1980,977,1003
28038,6948,3403,3545
28039,149,89,60
28051,2240,1137,1103
28052,5239,2641,2598
28040,24087,12125,11962
28041,7280,3594,3686
28046,6781,3358,3423
28047,63074,30723,32351
28043,7902,4002,3900
28042,1685,881,804
28045,49498,24456,25042
28044,9124,4464,4660
28048,697,364,333
28049,81860,40106,41754
28050,6310,3128,3182
28053,10061,5009,5052
28054,15842,7821,8021
28055,1236,636,600
28056,1554,785,769
28057,2181,1137,1044
28058,193586,95433,98153
28059,6541,3319,3222
28060,1985,1003,982
28061,33379,16373,17006
28062,348,191,157
28063,318,174,144
28064,188,109,79
28065,180747,88464,92283
28066,10178,5048,5130
28067,6119,3089,3030
28068,15785,7779,8006
28069,48,32,16
28070,148,82,66
28071,89,46,43
28072,8222,4125,4097
28073,19587,9838,9749
28074,188425,91463,96962
28075,8673,4359,4314
28076,559,294,265
28901,1266,656,610
28078,47,31,16
28079,3223334,1500190,1723144
28080,71785,34020,37765
28082,8597,4358,4239
28083,13959,7052,6907
28084,23241,11551,11690
28085,5897,3041,2856
28086,8666,4384,4282
28087,4328,2145,2183
28088,363,186,177
28089,5021,2501,2520
28090,12697,6342,6355
28091,7553,3768,3785
28092,207095,100930,106165
28093,2911,1445,1466
28094,1397,717,680
28095,2601,1342,1259
28096,28305,14148,14157
28097,122,77,45
28099,2819,1500,1319
28100,6154,3124,3030
28101,346,183,163
28102,1202,612,590
28104,24521,12396,12125
28106,128256,63838,64418
28107,523,251,272
28108,5746,2880,2866
28109,2475,1260,1215
28110,2831,1431,1400
28111,821,426,395
28112,187,111,76
28113,51541,25524,26017
28114,171,91,80
28115,86172,41290,44882
28116,1120,592,528
28117,117,68,49
28118,60,36,24
28902,642,348,294
28119,3357,1695,1662
28120,1663,913,750
28121,247,131,116
28122,706,358,348
28123,85893,42616,43277
28124,87,46,41
28125,4159,2164,1995
28126,48,29,19
28127,95550,46246,49304
28128,527,300,227
28129,13273,6506,6767
28130,39466,19207,20259
28131,18088,8660,9428
28132,18784,9569,9215
28133,8318,4133,4185
28134,87724,42854,44870
28135,1182,619,563
28136,850,427,423
28137,2542,1288,1254
28138,74,40,34
28140,4066,2025,2041
28141,9095,4451,4644
28143,80,46,34
28144,8694,4268,4426
28145,3725,1850,1875
28146,2604,1333,1271
28147,1304,671,633
28148,129729,63910,65819
28149,8582,4246,4336
28150,4298,2131,2167
28151,4724,2389,2335
28152,23361,11239,12122
28153,975,497,478
28154,7760,3956,3804
28903,46750,22694,24056
28155,626,321,305
28156,1510,783,727
28157,903,449,454
28158,927,496,431
28159,761,396,365
28160,12280,6183,6097
28161,74745,36984,37761
28162,4039,2077,1962
28163,574,310,264
28164,4384,2233,2151
28165,2840,1469,1371
28166,432,224,208
28167,12193,6146,6047
28168,1942,1013,929
28169,2081,1102,979
28171,6409,3233,3176
28170,3363,1712,1651
28172,13421,6785,6636
28173,699,353,346
28174,2501,1274,1227
28175,1420,700,720
28176,21000,10238,10762
28178,1547,789,758
28177,17127,8331,8796
28179,1967,983,984
28180,7291,3674,3617
28181,27596,13352,14244
28182,258,141,117
28183,1620,847,773
29001,5366,2716,2650
29002,2239,1148,1091
29003,1105,575,530
29004,394,204,190
29005,6367,3191,3176
29006,778,411,367
29007,39911,19830,20081
29008,24123,12066,12057
29009,1802,930,872
29010,1984,1013,971
29011,3770,1950,1820
29012,12951,6533,6418
29013,2015,1029,986
29014,252,129,123
29015,41154,20161,20993
29016,391,200,191
29017,8288,4233,4055
29018,2493,1272,1221
29019,1177,619,558
29020,4147,2051,2096
29021,169,91,78
29022,225,110,115
29023,7989,4024,3965
29024,443,227,216
29025,67746,33385,34361
29026,1496,772,724
29027,2999,1511,1488
29028,1488,775,713
29029,458,229,229
29030,933,490,443
29031,1823,934,889
29032,8517,4319,4198
29033,1620,861,759
29034,732,363,369
29035,1691,849,842
29036,748,391,357
29037,247,133,114
29038,25758,13011,12747
29039,3507,1822,1685
29040,2510,1336,1174
29041,6121,3151,2970
29042,21716,10911,10805
29043,3392,1743,1649
29044,1323,719,604
29045,3745,1872,1873
29046,3181,1636,1545
29047,1392,694,698
29049,3671,1849,1822
29048,1595,791,804
29050,614,317,297
29051,67012,32918,34094
29052,248,127,121
29053,3086,1558,1528
29054,75396,36690,38706
29055,2554,1306,1248
29056,1573,827,746
29057,393,199,194
29058,2182,1090,1092
29059,3310,1647,1663
29060,762,381,381
29061,1458,729,729
29062,863,446,417
29063,376,190,186
29064,559,283,276
29065,225,130,95
29066,442,235,207
29067,571026,274373,296653
29068,14977,7651,7326
29069,141463,68073,73390
29070,80630,40267,40363
29071,1230,642,588
29072,5020,2526,2494
29073,2523,1296,1227
29903,585,313,272
29074,970,476,494
29075,21061,10397,10664
29076,3568,1820,1748
29077,253,125,128
29079,3068,1614,1454
29080,9118,4600,4518
29081,294,153,141
29082,46093,22646,23447
29083,2701,1423,1278
29084,33978,16530,17448
29085,174,89,85
29086,1658,849,809
29087,606,344,262
29904,477,241,236
29088,3356,1698,1658
29089,3818,1927,1891
29090,2083,1057,1026
29901,68262,34079,34183
29091,16465,8374,8091
29092,715,376,339
29093,2568,1303,1265
29094,80817,39900,40917
29095,4218,2170,2048
29902,3288,1609,1679
29098,1490,756,734
29096,3373,1647,1726
29097,5300,2663,2637
29099,2020,1051,969
29100,2880,1467,1413
30001,6063,3060,3003
30002,13030,6527,6503
30003,35031,17490,17541
30004,1361,689,672
30005,41622,20539,21083
30902,15674,7994,7680
30006,1022,508,514
30007,9525,4896,4629
30008,21657,10934,10723
30009,19053,9978,9075
30010,11274,5819,5455
30011,6564,3354,3210
30012,11547,5804,5743
30013,10165,5158,5007
30014,2045,973,1072
30015,25730,12859,12871
30016,213943,106701,107242
30017,15022,7550,7472
30018,11565,5824,5741
30019,34889,17486,17403
30020,10060,5363,4697
30021,16184,8459,7725
30022,25547,13334,12213
30023,5196,2654,2542
30024,93079,47660,45419
30025,7002,3543,3459
30026,31562,16308,15254
30027,70964,35392,35572
30028,7954,4051,3903
30029,16790,8619,8171
30030,447182,218511,228671
30031,500,262,238
30032,3842,1989,1853
30033,14981,7519,7462
30034,1301,688,613
30035,31905,16033,15872
30036,25167,12733,12434
30901,16105,8093,8012
30037,35614,18542,17072
30038,21375,10868,10507
30039,31639,16299,15340
30040,879,451,428
30041,19907,10085,9822
30042,2758,1387,1371
30043,34234,17157,17077
31001,87,51,36
31002,550,269,281
31003,121,76,45
31004,33,20,13
31005,356,193,163
31006,2483,1260,1223
31007,156,87,69
31008,72,40,32
31009,791,421,370
31011,850,455,395
31012,983,490,493
31010,7407,3740,3667
31013,730,391,339
31014,340,192,148
31015,2715,1356,1359
31016,10739,5285,5454
31017,485,258,227
31018,568,312,256
31019,2624,1330,1294
31020,525,292,233
31025,949,493,456
31021,70,40,30
31023,10512,5296,5216
31024,116,63,53
31022,614,324,290
31026,157,84,73
31027,1124,573,551
31028,264,143,121
31029,1117,551,566
31030,157,85,72
31031,275,143,132
31032,2315,1187,1128
31033,53,30,23
31034,36,19,17
31035,55,31,24
31036,1047,555,492
31037,106,57,49
31038,1669,847,822
31039,118,60,58
31040,212,119,93
31058,242,120,122
31041,2331,1214,1117
31042,3853,1967,1886
31043,32,13,19
31044,345,180,165
31901,20039,9674,10365
31045,639,346,293
31046,58,28,30
31047,262,126,136
31048,219,117,102
31049,839,478,361
31050,7749,3920,3829
31137,227,132,95
31051,275,146,129
31052,125,62,63
31250,3761,1855,1906
31053,610,313,297
31905,3941,1932,2009
31902,7011,3583,3428
31903,10167,5129,5038
31054,607,295,312
31055,352,187,165
31253,171,93,78
31056,204,113,91
31057,2223,1087,1136
31059,208,119,89
31060,18934,9152,9782
31061,57,26,31
31062,1364,720,644
31063,97,55,42
31064,1993,1021,972
31065,2702,1423,1279
31066,1039,523,516
31067,2455,1245,1210
31068,3818,1889,1929
31069,980,490,490
31070,4109,2041,2068
31071,17,13,4
31193,1842,915,927
31072,7823,4013,3810
31074,490,260,230
31075,141,66,75
31076,3850,1976,1874
31077,7707,3884,3823
31078,3148,1588,1560
31079,75,43,32
31080,599,308,291
31081,431,215,216
31221,1729,883,846
31083,77,37,40
31087,219,111,108
31089,298,157,141
31090,152,93,59
31091,384,205,179
31092,789,441,348
31094,119,58,61
31095,76,40,36
31096,103,57,46
31097,13673,6555,7118
31098,2600,1348,1252
31099,65,36,29
31082,805,428,377
31084,2503,1303,1200
31085,633,331,302
31100,284,160,124
31101,1804,935,869
31093,306,165,141
31102,150,98,52
31103,42,21,21
31104,2306,1167,1139
31105,2017,1020,997
31106,983,495,488
31107,2485,1328,1157
31108,2487,1228,1259
31109,2213,1164,1049
31110,100,56,44
31111,95,63,32
31112,89,52,37
31113,146,89,57
31114,479,252,227
31115,189,99,90
31116,74,46,28
31117,705,377,328
31118,163,107,56
31119,40,23,17
31120,444,263,181
31121,78,41,37
31256,106,57,49
31122,7014,3542,3472
31124,253,148,105
31259,622,325,297
31125,325,171,154
31126,425,227,198
31127,176,95,81
31904,2209,1138,1071
31128,420,209,211
31129,504,258,246
31130,382,193,189
31131,1199,649,550
31132,176,115,61
31133,44,27,17
31134,191,107,84
31135,106,30,76
31136,550,298,252
31138,1272,668,604
31139,172,98,74
31140,147,88,59
31141,119,67,52
31142,2060,1087,973
31143,103,51,52
31144,967,525,442
31145,187,95,92
31146,31,18,13
31147,113,63,50
31148,110,49,61
31149,2898,1505,1393
31908,1535,762,773
31150,232,146,86
31151,60,38,22
31152,1725,891,834
31153,2735,1414,1321
31154,242,145,97
31155,291,145,146
31156,297,173,124
31157,4764,2414,2350
31158,294,158,136
31159,1317,716,601
31160,130,70,60
31248,358,206,152
31161,437,233,204
31162,52,26,26
31163,2862,1440,1422
31164,747,384,363
31165,3534,1815,1719
31166,292,152,140
31167,1057,554,503
31168,277,155,122
31169,3397,1766,1631
31170,56,27,29
31171,850,442,408
31172,466,253,213
31173,1088,541,547
31174,120,60,60
31175,77,41,36
31176,4088,2055,2033
31177,327,173,154
31178,646,339,307
31179,639,340,299
31180,239,101,138
31181,142,85,57
31182,34,20,14
31088,8224,4143,4081
31183,912,459,453
31185,530,284,246
31184,77,39,38
31186,369,202,167
31187,121,72,49
31188,363,207,156
31189,1497,762,735
31190,51,28,23
31191,3931,1991,1940
31192,204,112,92
31195,197,98,99
31196,36,19,17
31197,79,44,35
31906,3996,2008,1988
31198,48,25,23
31199,147,85,62
31211,21,11,10
31200,919,490,429
31201,199066,94124,104942
31202,5823,2930,2893
31203,31,18,13
31204,37,24,13
31205,493,248,245
31206,2843,1437,1406
31207,349,192,157
31208,3742,1956,1786
31209,174,94,80
31210,208,108,100
31212,144,79,65
31213,116,66,50
31214,110,62,48
31215,6241,3097,3144
31217,398,203,195
31216,4960,2523,2437
31219,100,55,45
31220,886,461,425
31222,62,40,22
31223,1294,669,625
31224,1180,606,574
31225,57,34,23
31226,671,350,321
31227,10605,5222,5383
31228,598,307,291
31229,42,27,15
31230,104,54,50
31231,122,59,63
31232,35593,17497,18096
31233,134,59,75
31234,177,99,78
31123,805,426,379
31235,177,102,75
31236,1655,857,798
31237,212,121,91
31238,137,72,65
31239,355,175,180
31240,675,347,328
31241,133,87,46
31242,308,138,170
31244,180,103,77
31243,374,198,176
31245,88,56,32
31246,164,92,72
31247,160,82,78
31086,20774,10457,10317
31194,415,224,191
31260,1508,785,723
31249,2373,1186,1187
31251,4156,2099,2057
31252,95,52,43
31254,2841,1423,1418
31255,120,64,56
31257,1186,595,591
31258,10150,4970,5180
31261,297,174,123
31262,295,160,135
31073,361,186,175
31907,14891,7285,7606
31263,316,164,152
31264,225,112,113
31265,112,70,42
32001,6110,3078,3032
32002,2265,1129,1136
32003,995,496,499
32004,1806,831,975
32005,968,525,443
32006,1591,771,820
32007,1547,773,774
32008,10951,5343,5608
32009,13463,6552,6911
32010,404,215,189
32011,973,428,545
32012,809,442,367
32013,2299,1094,1205
32014,1199,567,632
32015,917,467,450
32016,779,382,397
32018,1317,637,680
32017,1574,813,761
32019,13939,6539,7400
32020,2643,1294,1349
32022,1380,690,690
32021,1001,509,492
32023,1224,622,602
32024,5533,2626,2907
32025,1140,568,572
32029,466,262,204
32026,3049,1534,1515
32027,1105,533,572
32028,1700,870,830
32030,1166,551,615
32031,1134,577,557
32033,750,361,389
32034,1308,681,627
32035,1477,709,768
32038,455,220,235
32039,1287,666,621
32040,1583,761,822
32041,807,383,424
32042,1732,868,864
32043,2890,1417,1473
32044,890,435,455
32045,2767,1353,1414
32046,1227,587,640
32047,1911,932,979
32048,1039,537,502
32049,722,376,346
32050,2602,1337,1265
32051,1486,758,728
32052,2011,1017,994
32053,1766,961,805
32054,105505,47962,57543
32055,1383,689,694
32056,1759,849,910
32057,564,307,257
32058,6254,3205,3049
32059,1871,920,951
32060,889,435,454
32061,1140,576,564
32063,2118,1063,1055
32064,554,276,278
32062,830,404,426
32065,699,344,355
32066,611,268,343
32067,1282,654,628
32068,1540,703,837
32069,5028,2453,2575
32071,1568,802,766
32072,4359,2138,2221
32073,1448,705,743
32074,1091,532,559
32075,5249,2660,2589
32076,2191,1075,1116
32070,549,271,278
32077,1213,561,652
32078,1189,598,591
32079,1443,741,702
32080,332,167,165
32081,2368,1219,1149
32082,1288,645,643
32083,904,463,441
32084,933,447,486
32085,13817,6634,7183
32086,2929,1480,1449
32087,1904,974,930
32088,1746,894,852
32089,1317,675,642
32090,829,404,425
32091,1912,999,913
32092,535,311,224
32032,9836,4763,5073
32036,1418,717,701
32037,741,366,375
34001,42,26,16
34003,164,91,73
34004,6842,3312,3530
34005,928,453,475
34006,86,46,40
34009,35,22,13
34010,622,319,303
34011,423,234,189
34012,369,196,173
34015,42,26,16
34017,1004,506,498
34018,221,125,96
34019,131,71,60
34020,52,32,20
34022,1216,641,575
34024,28,18,10
34025,53,24,29
34027,1183,589,594
34028,144,77,67
34029,754,392,362
34031,33,18,15
34032,41,22,19
34033,17,13,4
34035,111,65,46
34034,115,65,50
34036,246,140,106
34037,264,147,117
34038,306,167,139
34039,61,37,24
34041,92,43,49
34042,326,182,144
34045,77,40,37
34046,43,25,18
34047,2096,996,1100
34048,63,30,33
34049,360,193,167
34050,220,124,96
34051,101,53,48
34052,183,100,83
34053,230,119,111
34055,262,144,118
34056,2316,1165,1151
34057,490,243,247
34058,198,112,86
34059,448,220,228
34060,139,76,63
34061,105,61,44
34062,165,101,64
34063,93,55,38
34066,63,36,27
34067,136,78,58
34068,42,25,17
34069,2633,1343,1290
34070,149,79,70
34071,179,94,85
34072,153,75,78
34073,194,97,97
34074,770,397,373
34076,659,340,319
34077,429,226,203
34079,2269,1184,1085
34080,6153,3057,3096
34081,58,36,22
34082,78,41,37
34083,2006,977,1029
34084,146,83,63
34086,103,53,50
34087,143,78,65
34088,313,180,133
34089,157,88,69
34091,136,77,59
34092,291,154,137
34094,63,36,27
34903,198,114,84
34096,51,32,19
34098,993,528,465
34099,82,44,38
34100,144,81,63
34101,41,19,22
34102,217,126,91
34103,102,62,40
34104,259,148,111
34106,122,66,56
34107,74,42,32
34108,610,318,292
34109,59,35,24
34110,82,46,36
34112,46,25,21
34113,39,14,25
34114,198,121,77
34116,57,32,25
34901,1225,654,571
34120,78629,37076,41553
34121,211,120,91
34122,121,68,53
34123,1930,986,944
34124,66,39,27
34125,88,43,45
34126,324,180,144
34127,90,49,41
34904,320,184,136
34129,179,108,71
34130,220,114,106
34131,61,32,29
34132,131,72,59
34133,110,64,46
34134,42,23,19
34135,463,260,203
34136,184,109,75
34137,24,16,8
34139,194,102,92
34140,105,57,48
34141,252,142,110
34143,184,110,74
34146,53,35,18
34147,198,109,89
34149,21,10,11
34151,154,90,64
34152,151,82,69
34154,80,46,34
34155,146,73,73
34156,52,34,18
34157,3004,1528,1476
34158,317,165,152
34159,433,238,195
34160,162,88,74
34161,23,14,9
34163,51,26,25
34165,65,38,27
34167,120,68,52
34168,52,32,20
34169,459,259,200
34170,54,30,24
34171,1044,514,530
34174,197,109,88
34175,100,62,38
34177,191,109,82
34176,145,86,59
34178,137,73,64
34179,25,15,10
34180,71,37,34
34181,490,260,230
34182,968,526,442
34184,45,25,20
34185,64,35,29
34186,47,25,22
34189,61,36,25
34190,51,28,23
34192,96,57,39
34196,88,52,36
34902,174,107,67
34199,1299,666,633
34023,6363,3195,3168
34201,184,99,85
34093,98,57,41
34202,32,18,14
34204,48,28,20
34205,63,36,27
34206,963,491,472
34208,58,34,24
34210,104,52,52
34211,193,97,96
34213,57,31,26
34214,196,104,92
34215,169,88,81
34216,66,39,27
34217,1652,832,820
34218,589,333,256
34220,177,99,78
34221,175,97,78
34222,118,64,54
34223,235,138,97
34224,45,30,15
34225,6503,3360,3143
34227,75,37,38
34228,90,51,39
34229,62,41,21
34230,16,11,5
34231,207,111,96
34232,826,451,375
34233,143,84,59
34234,71,48,23
34236,155,82,73
34237,665,335,330
34238,365,177,188
34240,97,52,45
34241,17,10,7
34242,109,57,52
34243,369,194,175
34245,327,183,144
34246,75,39,36
35001,5573,2783,2790
35002,31152,15777,15375
35020,7608,3882,3726
35003,11948,6370,5578
35004,61351,30724,30627
35005,1090,589,501
35006,37691,18735,18956
35007,731,385,346
35008,7491,3766,3725
35009,24209,12118,12091
35010,4969,2532,2437
35011,30831,15532,15299
35012,19657,10146,9511
35013,7728,3933,3795
35014,25884,13505,12379
35015,20539,10661,9878
35016,378517,183034,195483
35017,39382,19989,19393
35018,18327,9181,9146
35019,53588,27932,25656
35021,18314,9102,9212
35022,71863,35916,35947
35023,13924,6928,6996
35024,22122,11179,10943
35025,1921,1041,880
35026,102424,50411,52013
35027,12449,6392,6057
35028,20006,10259,9747
35029,6119,3176,2943
35030,14791,7559,7232
35032,3784,1974,1810
35031,9278,4670,4608
35033,7625,3938,3687
35034,16289,8436,7853
36020,2370,1182,1188
36001,2637,1348,1289
36003,12134,5984,6150
36002,3716,1846,1870
36004,12148,5983,6165
36005,9860,4748,5112
36006,13814,6673,7141
36007,1806,848,958
36008,26487,13078,13409
36009,5173,2527,2646
36010,3349,1623,1726
36902,5815,2795,3020
36013,2417,1224,1193
36014,2032,981,1051
36015,4710,2243,2467
36016,1110,579,531
36017,20661,9912,10749
36018,3451,1649,1802
36019,1640,783,857
36021,14236,7074,7162
36022,10700,5289,5411
36023,10013,4875,5138
36901,4958,2459,2499
36024,20103,9743,10360
36025,2430,1192,1238
36026,24362,12175,12187
36027,5315,2595,2720
36028,4776,2279,2497
36029,19448,9435,10013
36030,4496,2232,2264
36031,618,317,301
36032,4200,2025,2175
36033,15142,7490,7652
36034,3892,1881,2011
36035,17723,8701,9022
36036,3018,1513,1505
36037,2980,1461,1519
36041,17018,8441,8577
36043,5491,2642,2849
36042,22854,11091,11763
36044,3037,1505,1532
36038,82802,39189,43613
36039,19740,9735,10005
36040,2984,1431,1553
36045,29194,14219,14975
36046,5069,2478,2591
36047,2509,1274,1235
36048,6249,3070,3179
36049,9146,4557,4589
36050,9691,4846,4845
36051,17212,8487,8725
36052,8698,4237,4461
36053,7305,3622,3683
36054,13464,6782,6682
36055,16902,8164,8738
36056,5927,2914,3013
36057,293642,138980,154662
36059,5273,2589,2684
36058,5954,2899,3055
36060,37519,17970,19549
36061,10352,5035,5317
26001,255,150,105
26002,1105,599,506
26003,470,233,237
26004,62,44,18
26005,3462,1762,1700
26006,2433,1229,1204
26007,644,338,306
26008,2732,1427,1305
26009,502,269,233
26010,102,61,41
26011,9460,4763,4697
26012,28,16,12
26013,434,237,197
26014,509,287,222
26015,226,117,109
26016,30,20,10
26017,426,210,216
26018,14815,7373,7442
26019,488,261,227
26020,754,399,355
26021,4469,2218,2251
26022,200,106,94
26023,502,256,246
26024,234,124,110
26026,1590,792,798
26025,86,53,33
26027,159,101,58
26028,142,78,64
26029,39,21,18
26030,19,9,10
26031,104,53,51
26032,51,30,21
26033,201,89,112
26034,766,409,357
26035,20,14,6
26036,23923,11741,12182
26037,151,82,69
26038,85,57,28
26039,40,20,20
26040,97,51,46
26041,147,80,67
26042,1145,583,562
26043,424,204,220
26044,50,30,20
26045,12,5,7
26046,2036,1043,993
26047,2298,1193,1105
26048,24,12,12
26049,197,106,91
26050,142,92,50
26051,273,162,111
26052,157,78,79
26053,252,132,120
26054,319,185,134
26055,39,23,16
26056,488,266,222
26057,47,32,15
26058,167,103,64
26059,1519,800,719
26060,93,62,31
26061,2027,1045,982
26062,96,55,41
26063,134,85,49
26064,3108,1569,1539
26065,50,32,18
26066,332,168,164
26067,18,12,6
26068,116,63,53
26069,255,146,109
26070,179,92,87
26071,11309,5543,5766
26072,330,172,158
26073,110,60,50
26074,120,62,58
26075,440,236,204
26076,130,66,64
26077,18,8,10
26078,92,53,39
26079,818,443,375
26080,608,344,264
26081,18,10,8
26082,116,71,45
26083,293,161,132
26084,10193,5124,5069
26086,15,12,3
26087,238,123,115
26088,33,18,15
26089,151113,71860,79253
26091,168,111,57
26092,117,72,45
26093,55,41,14
26094,72,42,30
26095,93,49,44
26096,321,174,147
26098,108,61,47
26099,1654,847,807
26100,59,34,25
26101,39,23,16
26102,8047,3948,4099
26103,988,528,460
26104,15,10,5
26105,2952,1500,1452
26106,86,48,38
26107,92,61,31
26109,82,49,33
26108,282,173,109
26110,175,105,70
26111,286,151,135
26112,246,145,101
26113,31,24,7
26114,76,53,23
26115,15,9,6
26117,3822,1954,1868
26118,71,36,35
26119,217,121,96
26120,2032,1065,967
26121,32,23,9
26122,130,67,63
26123,138,77,61
26124,961,503,458
26125,3722,1892,1830
26126,29,19,10
26127,229,122,107
26128,130,65,65
26129,1124,598,526
26130,222,149,73
26131,35,24,11
26132,142,85,57
26139,64,32,32
26142,1015,529,486
26134,88,55,33
26135,154,99,55
26136,107,58,49
26138,6231,3123,3108
26140,288,153,135
26141,109,68,41
26143,296,167,129
26144,232,135,97
26145,297,167,130
26146,87,50,37
26147,30,16,14
26148,186,93,93
26149,47,28,19
26150,139,81,58
26153,10,8,2
26151,464,253,211
26152,30,19,11
26154,10,6,4
26155,168,91,77
26157,358,177,181
26158,359,195,164
26160,988,504,484
26161,8,5,3
26162,133,81,52
26163,169,87,82
26164,59,33,26
26165,390,220,170
26166,154,95,59
26167,67,44,23
26168,7973,4019,3954
26169,72,40,32
26170,597,309,288
26171,163,98,65
26172,27,21,6
26173,5,3,2
26174,140,83,57
26175,48,31,17
26176,57,32,25
26177,325,199,126
26178,78,45,33
26179,42,29,13
26180,258,141,117
26181,14,10,4
26183,91,45,46
37001,193,102,91
37002,146,75,71
37003,120,65,55
37004,34,19,15
37005,76,39,37
37006,138,69,69
37007,463,241,222
37008,5166,2591,2575
37009,220,119,101
37010,1107,547,560
37011,116,58,58
37012,155,83,72
37015,266,141,125
37013,116,61,55
37014,1239,624,615
37016,696,349,347
37017,256,136,120
37018,113,65,48
37019,141,78,63
37020,486,263,223
37021,74,35,39
37022,269,138,131
37023,1989,995,994
37024,102,53,49
37025,290,155,135
37026,195,104,91
37027,254,143,111
37028,157,92,65
37029,215,122,93
37030,93,50,43
37031,372,208,164
37032,644,346,298
37033,102,55,47
37034,86,42,44
37035,200,114,86
37037,113,64,49
37038,911,469,442
37039,309,158,151
37040,410,217,193
37041,75,42,33
37042,46,30,16
37044,442,238,204
37045,26,14,12
37046,12961,6133,6828
37047,223,121,102
37049,132,66,66
37050,69,40,29
37051,85,48,37
37052,315,155,160
37054,286,150,136
37055,137,74,63
37056,53,24,29
37057,231,127,104
37058,56,29,27
37059,132,69,63
37060,351,189,162
37061,232,117,115
37063,67,41,26
37065,291,157,134
37062,77,45,32
37067,4256,2129,2127
37068,383,195,188
37069,1152,610,542
37070,600,324,276
37071,86,46,40
37072,161,84,77
37073,676,340,336
37074,164,96,68
37077,266,153,113
37078,906,458,448
37079,77,54,23
37080,260,139,121
37081,986,518,468
37082,878,482,396
37083,195,108,87
37085,6947,3456,3491
37086,100,57,43
37087,1188,622,566
37088,217,117,100
37089,68,37,31
37090,61,28,33
37091,191,94,97
37092,2615,1339,1276
37185,633,343,290
37096,216,127,89
37097,42,27,15
37098,331,166,165
37099,66,34,32
37100,76,41,35
37101,154,86,68
37102,409,204,205
37103,490,262,228
37114,78,42,36
37104,25,12,13
37106,279,146,133
37107,12513,6031,6482
37108,108,50,58
37109,182,103,79
37110,123,63,60
37112,155,89,66
37113,450,242,208
37115,127,69,58
37116,73,39,34
37117,2050,1072,978
37118,126,72,54
37120,110,53,57
37119,103,61,42
37121,635,337,298
37122,233,118,115
37123,170,92,78
37124,225,122,103
37125,235,136,99
37126,34,20,14
37127,231,118,113
37128,279,152,127
37129,272,147,125
37130,193,106,87
37131,191,105,86
37132,362,182,180
37133,109,64,45
37134,217,120,97
37135,1336,668,668
37136,680,336,344
37137,108,54,54
37138,248,127,121
37139,232,116,116
37140,1188,626,562
37141,160,74,86
37142,690,396,294
37143,429,210,219
37144,385,208,177
37145,280,140,140
37146,115,65,50
37147,187,108,79
37148,464,245,219
37149,64,37,27
37150,38,22,16
37151,154,79,75
37152,444,238,206
37154,145,85,60
37155,68,41,27
37156,5660,2825,2835
37157,78,47,31
37158,264,149,115
37159,83,40,43
37160,669,337,332
37161,140,75,65
37162,222,116,106
37163,37,21,16
37164,299,167,132
37165,34,15,19
37166,224,116,108
37167,191,100,91
37168,486,262,224
37169,192,110,82
37170,1636,826,810
37171,478,241,237
37172,963,526,437
37173,1619,819,800
37175,459,237,222
37174,1085,563,522
37176,140,77,63
37177,266,149,117
37178,100,56,44
37179,212,112,100
37180,72,39,33
37181,285,153,132
37183,421,218,203
37182,84,50,34
37184,289,145,144
37186,103,57,46
37187,627,314,313
37188,176,106,70
37189,114,68,46
37190,208,103,105
37191,115,68,47
37192,426,224,202
37193,399,214,185
37194,275,142,133
37195,44,26,18
37196,70,38,32
37197,91,52,39
37198,226,106,120
37199,142,75,67
37200,221,125,96
37201,266,142,124
37202,1323,696,627
37203,158,90,68
37204,263,143,120
37205,230,125,105
37206,100,55,45
37207,384,213,171
37208,74,46,28
37209,493,262,231
37211,231,129,102
37213,98,55,43
37214,131,72,59
37215,158,91,67
37212,98,53,45
37216,332,182,150
37217,60,27,33
37218,56,37,19
37219,177,90,87
37221,460,240,220
37222,90,52,38
37223,100,53,47
37224,207,108,99
37225,113,60,53
37226,161,78,83
37228,354,189,165
37229,157,90,67
37230,249,127,122
37231,259,138,121
37232,406,239,167
37233,56,33,23
37234,335,164,171
37235,238,125,113
37236,142,82,60
37237,360,201,159
37238,126,66,60
37239,216,111,105
37240,1232,660,572
37241,172,103,69
37242,85,51,34
37243,100,48,52
37244,146,70,76
37245,364,182,182
37246,6308,3096,3212
37247,182,98,84
37248,157,83,74
37249,39,25,14
37250,341,181,160
37251,122,58,64
37252,113,64,49
37253,159,84,75
37254,188,105,83
37255,47,30,17
37256,223,127,96
37257,46,25,21
37258,177,94,83
37259,38,23,15
37260,149,77,72
37261,227,127,100
37262,79,44,35
37263,370,181,189
37264,59,29,30
37265,223,117,106
37266,79,46,33
37267,198,110,88
37268,117,66,51
37269,499,268,231
37270,196,100,96
37271,376,207,169
37272,147,81,66
37273,99,56,43
37303,193,106,87
37274,143978,65278,78700
37275,109,60,49
37276,137,83,54
37277,75,36,39
37278,1015,538,477
37284,347,195,152
37285,413,214,199
37286,219,118,101
37287,347,180,167
37036,56,32,24
37288,337,187,150
37289,239,122,117
37291,301,166,135
37290,145,80,65
37292,89,49,40
37280,84,44,40
37281,39,23,16
37282,222,119,103
37279,826,448,378
37283,125,76,49
37293,114,59,55
37294,14732,7249,7483
37296,324,170,154
37297,467,234,233
37298,186,102,84
37299,244,129,115
37300,614,315,299
37301,91,52,39
37302,283,145,138
37304,178,101,77
37305,239,116,123
37306,270,146,124
37307,154,80,74
37309,44,20,24
37310,187,91,96
37311,232,117,115
37312,273,142,131
37313,580,307,273
37314,107,62,45
37315,88,49,39
37316,804,408,396
37317,317,170,147
37318,212,123,89
37319,104,56,48
37320,90,50,40
37321,151,74,77
37322,3051,1537,1514
37323,530,287,243
37324,362,196,166
37325,98,55,43
37327,191,96,95
37328,200,98,102
37329,43,23,20
37330,351,179,172
37331,203,115,88
37332,79,43,36
37333,214,127,87
37334,73,37,36
37335,407,199,208
37336,65,41,24
37337,152,74,78
37338,100,50,50
37339,330,184,146
37343,76,35,41
37340,149,83,66
37341,74,43,31
37342,288,150,138
37344,264,133,131
37345,168,91,77
37346,285,134,151
37347,554,302,252
37348,112,65,47
37349,116,56,60
37351,282,145,137
37352,206,120,86
37353,133,75,58
37354,7207,3605,3602
37355,159,80,79
37356,95,49,46
37357,279,142,137
37358,201,127,74
37359,179,94,85
37360,229,115,114
37361,89,50,39
37362,6316,3134,3182
37363,123,59,64
37364,805,417,388
37365,197,111,86
37366,43,28,15
37367,191,106,85
37368,23,8,15
37369,135,79,56
37370,324,186,138
37371,283,155,128
37372,145,82,63
37373,785,410,375
37374,1358,687,671
37375,780,392,388
37350,422,210,212
37376,2538,1237,1301
37377,244,129,115
37378,98,57,41
37379,206,126,80
37380,59,33,26
37381,148,83,65
37382,160,83,77
38001,47280,23844,23436
38002,1067,545,522
38003,2006,1060,946
38004,5562,2733,2829
38005,7831,4092,3739
38006,79448,40638,38810
38007,1855,941,914
38008,7154,3499,3655
38009,5498,2790,2708
38010,4755,2405,2350
38011,27641,13426,14215
38012,2768,1444,1324
38013,4018,2022,1996
38014,1709,872,837
38015,4819,2411,2408
38016,1626,853,773
38017,48374,24156,24218
38018,5428,2647,2781
38019,20991,10485,10506
38020,19739,9792,9947
38021,1805,927,878
38022,22749,11198,11551
38024,20171,9769,10402
38025,8956,4507,4449
38026,41833,20512,21321
38027,7543,3747,3796
38901,1825,963,862
38028,30483,14902,15581
38029,2073,1055,1018
38030,2493,1234,1259
38031,36405,17868,18537
38032,17352,8772,8580
38033,4112,2065,2047
38023,155549,75361,80188
38034,4799,2380,2419
38035,19672,9895,9777
38036,8945,4481,4464
38037,15674,7588,8086
38038,204856,97841,107015
38039,14445,7223,7222
38040,10755,5347,5408
38041,8947,4407,4540
38042,4757,2374,2383
38043,23961,11908,12053
38044,2670,1293,1377
38045,4600,2350,2250
38046,11203,5531,5672
38047,2564,1298,1266
38049,4484,2256,2228
38050,2829,1471,1358
38048,4955,2500,2455
38051,9040,4540,4500
38052,1645,851,794
38053,4791,2408,2383
40001,845,420,425
40002,44,23,21
40003,139,78,61
40004,587,287,300
40005,27,18,9
40012,301,159,142
40006,22,13,9
40007,76,48,28
40008,56,30,26
40009,48,34,14
40010,123,64,59
40013,57,33,24
40014,57,33,24
40015,25,14,11
40016,55,28,27
40017,131,60,71
40018,79,45,34
40019,32,23,9
40020,175,83,92
40021,21,12,9
40022,229,131,98
40024,1203,623,580
40025,169,91,78
40026,149,62,87
40028,111,60,51
40029,25,13,12
40030,494,271,223
40031,760,406,354
40032,716,369,347
40033,86,48,38
40034,85,47,38
40035,186,100,86
40036,671,345,326
40037,30,16,14
40039,258,137,121
40040,3543,1759,1784
40041,1321,695,626
40161,49,32,17
40043,2529,1309,1220
40044,147,78,69
40045,157,85,72
40046,130,72,58
40047,29,19,10
40048,36,19,17
40049,50,28,22
40051,45,26,19
40052,95,51,44
40053,117,62,55
40054,138,78,60
40065,754,380,374
40055,35,22,13
40056,34,17,17
40057,1774,892,882
40058,334,167,167
40059,123,60,63
40060,95,53,42
40061,78,47,31
40902,129,70,59
40062,77,47,30
40063,9584,4838,4746
40905,135,75,60
40068,27,17,10
40069,91,51,40
40070,178,106,72
40071,43,22,21
40072,273,148,125
40073,501,263,238
40074,300,164,136
40075,173,92,81
40076,9061,4602,4459
40077,1301,689,612
40078,166,93,73
40079,262,144,118
40080,71,39,32
40081,116,62,54
40082,119,65,54
40083,172,78,94
40084,60,35,25
40086,852,449,403
40087,96,53,43
40088,343,176,167
40089,241,128,113
40091,103,57,46
40092,142,82,60
40093,94,52,42
40094,450,233,217
40095,688,362,326
40097,223,127,96
40099,58,34,24
40100,308,169,139
40101,1404,733,671
40103,179,103,76
40104,361,192,169
40105,43,23,20
40106,208,103,105
40107,116,66,50
40108,111,65,46
40109,82,50,32
40110,355,184,171
40111,67,35,32
40112,3773,1911,1862
40113,523,293,230
40115,97,56,41
40903,106,70,36
40118,53,30,23
40119,225,133,92
40120,222,115,107
40121,288,149,139
40122,617,334,283
40124,264,139,125
40123,178,97,81
40125,89,53,36
40126,77,40,37
40127,29,16,13
40128,137,75,62
40129,185,100,85
40130,148,88,60
40131,61,35,26
40132,54,31,23
40134,904,488,416
40135,306,166,140
40136,154,75,79
40138,2790,1414,1376
40139,291,156,135
40140,106,56,50
40141,1062,553,509
40142,53,27,26
40143,91,55,36
40144,25,16,9
40145,1347,684,663
40904,395,191,204
40146,322,166,156
40148,265,138,127
40149,561,298,263
40150,60,36,24
40151,54,29,25
40901,568,308,260
40152,963,485,478
40154,12,8,4
40155,5308,2738,2570
40156,359,204,155
40157,46,27,19
40158,15,12,3
40159,188,109,79
40160,100,55,45
40162,520,275,245
40163,46,24,22
40164,202,103,99
40181,5267,2610,2657
40165,84,45,39
40166,305,160,145
40168,28,18,10
40170,2099,1120,979
40171,39,31,8
40172,38,25,13
40173,185,99,86
40174,372,196,176
40176,463,249,214
40177,148,81,67
40178,104,57,47
40906,3021,1519,1502
40182,239,114,125
40183,135,68,67
40184,297,158,139
40179,930,450,480
40180,321,178,143
40185,999,547,452
40186,39,20,19
40188,94,62,32
40189,556,307,249
40190,61,35,26
40191,259,142,117
40192,154,86,68
40193,260,137,123
40194,51683,24207,27476
40195,1065,550,515
40196,34,23,11
40198,25,14,11
40199,113,60,53
40200,51,24,27
40201,50,24,26
40206,187,96,91
40202,57,25,32
40203,1323,691,632
40204,194,108,86
40205,260,139,121
40207,1052,544,508
40208,979,486,493
40210,107,66,41
40211,70,39,31
40212,30,15,15
40213,91,49,42
40218,94,56,38
40219,704,377,327
40220,73,37,36
40221,54,27,27
40214,241,136,105
40215,80,46,34
40216,1096,566,530
40222,230,127,103
40223,260,156,104
40224,20,12,8
40225,1493,783,710
40228,621,327,294
40229,27,16,11
40230,111,65,46
40231,134,68,66
40233,505,263,242
40234,444,231,213
41001,2026,1006,1020
41002,1746,881,865
41003,3193,1604,1589
41004,75256,37383,37873
41005,11927,6072,5855
41006,3387,1690,1697
41007,16301,8081,8220
41008,1248,642,606
41009,1379,716,663
41010,6008,2999,3009
41011,19565,9682,9883
41012,4495,2257,2238
41013,6092,3106,2986
41014,3094,1594,1500
41015,7177,3613,3564
41016,10647,5336,5311
41017,21964,10895,11069
41018,12608,6278,6330
41019,6618,3313,3305
41020,16379,8193,8186
41021,27463,13434,14029
41022,5281,2632,2649
41023,10661,5443,5218
41901,3307,1632,1675
41024,28620,14379,14241
41025,2500,1221,1279
41026,5530,2821,2709
41027,4810,2420,2390
41028,2826,1455,1371
41029,17350,8428,8922
41030,625,324,301
41031,1439,741,698
41032,4789,2360,2429
41033,5954,2943,3011
41034,30657,15304,15353
41035,1290,637,653
41036,4807,2415,2392
41037,3958,2012,1946
41903,8628,4346,4282
41038,133168,65541,67627
41039,39882,19662,20220
41040,15683,7865,7818
41041,12503,6238,6265
41042,7139,3557,3582
41043,789,400,389
41044,10054,5007,5047
41045,7541,3791,3750
41046,3790,1902,1888
41047,13471,6625,6846
41048,2646,1318,1328
41049,12650,6399,6251
41050,6485,3214,3271
41051,2944,1508,1436
41902,5857,2923,2934
41052,3834,1969,1865
41053,27432,13695,13737
41054,860,435,425
41055,18861,9351,9510
41056,4572,2307,2265
41057,282,141,141
41058,23473,11744,11729
41059,45890,22348,23542
41060,19580,9781,9799
41061,2626,1340,1286
41062,2720,1405,1315
41063,3460,1759,1701
41064,7081,3542,3539
41065,27844,13728,14116
41066,1581,782,799
41067,9390,4710,4680
41068,17622,8780,8842
41069,38246,19220,19026
41070,8552,4311,4241
41071,6924,3446,3478
41072,5205,2579,2626
41073,2037,1006,1031
41074,3669,1844,1825
41075,13949,7021,6928
41076,2658,1360,1298
41077,11033,5492,5541
41078,3013,1495,1518
41079,11879,5879,6000
41080,1507,746,761
41081,38406,19013,19393
41082,4243,2106,2137
41083,1360,684,676
41084,3445,1701,1744
41085,5477,2655,2822
41086,21195,10194,11001
41088,599,310,289
41087,13683,6774,6909
41089,8442,4189,4253
41090,4301,2131,2170
41091,688711,326935,361776
41092,9578,4755,4823
41093,25220,12451,12769
41094,8768,4406,4362
41095,52617,26140,26477
41096,7803,3828,3975
41097,4478,2214,2264
41100,1155,562,593
41098,6571,3208,3363
41099,4860,2438,2422
41101,7797,3943,3854
41102,19191,9608,9583
42001,302,162,140
42003,44,25,19
42004,3008,1535,1473
42006,189,119,70
42007,108,57,51
42008,59,35,24
42009,87,46,41
42010,34,21,13
42011,18,8,10
42012,30,16,14
42013,36,21,15
42014,64,35,29
42015,33,20,13
42016,18,13,5
42017,183,96,87
42018,139,78,61
42019,572,336,236
42020,5526,2807,2719
42021,70,42,28
42022,236,138,98
42023,63,38,25
42024,85,58,27
42025,1489,789,700
42026,24,12,12
42027,81,50,31
42028,90,48,42
42029,142,82,60
42030,103,63,40
42031,23,16,7
42032,147,82,65
42033,51,31,20
42034,29,18,11
42035,877,444,433
42036,44,24,20
42037,35,19,16
42038,34,21,13
42039,240,129,111
42041,33,18,15
42042,59,32,27
42043,4926,2452,2474
42044,56,34,22
42045,357,203,154
42046,51,28,23
42048,57,38,19
42049,115,68,47
42050,32,24,8
42051,16,8,8
42052,15,11,4
42053,23,15,8
42054,17,12,5
42055,169,87,82
42056,27,19,8
42058,109,62,47
42057,169,91,78
42059,21,10,11
42060,30,20,10
42061,298,181,117
42062,18,11,7
42063,50,28,22
42064,86,43,43
42065,22,16,6
42068,79,49,30
42069,1720,890,830
42070,35,21,14
42071,198,109,89
42073,72,45,27
42075,83,47,36
42076,216,114,102
42078,1111,568,543
42079,22,15,7
42080,168,99,69
42081,168,89,79
42082,6,5,1
42083,24,13,11
42084,18,13,5
42085,181,105,76
42086,36,22,14
42087,53,27,26
42088,65,38,27
42089,65,32,33
42090,88,57,31
42092,61,36,25
42093,40,27,13
42094,736,398,338
42095,2568,1349,1219
42096,317,175,142
42097,21,14,7
42098,9,7,2
42100,31,20,11
42103,719,399,320
42105,52,26,26
42106,14,10,4
42107,73,43,30
42108,13,7,6
42110,63,38,25
42111,301,156,145
42113,721,358,363
42115,84,50,34
42116,48,31,17
42117,161,84,77
42118,23,16,7
42119,193,101,92
42120,153,101,52
42121,57,36,21
42123,200,104,96
42124,60,35,25
42125,86,56,30
42127,31,20,11
42128,49,27,22
42129,776,413,363
42130,53,36,17
42131,56,30,26
42132,150,80,70
42134,3626,1879,1747
42135,70,41,29
42139,20,11,9
42140,14,9,5
42141,106,68,38
42142,57,27,30
42144,488,274,214
42145,154,96,58
42148,8,4,4
42149,477,267,210
42151,38,17,21
42152,87,50,37
42153,14,9,5
42154,106,65,41
42155,163,96,67
42156,30,20,10
42157,9,7,2
42158,126,74,52
42159,39,26,13
42160,265,146,119
42161,144,80,64
42162,3010,1580,1430
42163,55,33,22
42164,2047,1037,1010
42165,617,341,276
42166,58,36,22
42167,267,148,119
42168,102,57,45
42171,138,78,60
42172,32,17,15
42173,39112,18426,20686
42174,180,96,84
42175,25,15,10
42176,28,16,12
42177,66,37,29
42178,118,69,49
42181,430,229,201
42182,43,25,18
42183,106,60,46
42184,58,31,27
42185,25,13,12
42187,66,46,20
42188,52,22,30
42189,52,28,24
42190,90,49,41
42191,193,105,88
42192,42,30,12
42193,20,11,9
42194,159,70,89
42195,109,63,46
42196,9,6,3
42197,71,40,31
42198,25,15,10
42200,86,55,31
42201,25,15,10
42202,21,11,10
42204,53,39,14
42205,90,55,35
42206,8,6,2
42207,50,26,24
42208,22,15,7
42209,145,90,55
42211,87,51,36
42212,70,46,24
42213,34,19,15
42215,874,468,406
42216,27,19,8
42217,36,23,13
42218,92,58,34
42219,38,23,15
43001,893,457,436
43002,2371,1202,1169
43003,464,238,226
43004,9402,4754,4648
43005,5108,2533,2575
43904,4137,2186,1951
43006,838,420,418
43007,864,442,422
43008,368,195,173
43009,1788,916,872
43010,426,200,226
43011,1342,671,671
43012,5120,2491,2629
43013,6801,3398,3403
43906,3280,1670,1610
43014,20606,10351,10255
43016,5505,2836,2669
43015,116,68,48
43017,129,74,55
43018,466,232,234
43019,1674,871,803
43020,3128,1583,1545
43021,476,258,218
43022,1898,944,954
43023,300,156,144
43024,2190,1120,1070
43025,714,342,372
43026,1142,620,522
43027,219,119,100
43028,3464,1836,1628
43029,379,198,181
43030,687,350,337
43031,2080,1060,1020
43032,601,305,296
43033,1070,554,516
43034,673,333,340
43035,305,159,146
43036,1141,597,544
43037,25444,12767,12677
43903,3278,1666,1612
43038,33362,16307,17055
43907,5842,2858,2984
43039,96,51,45
43040,398,200,198
43041,235,116,119
43042,2868,1438,1430
43043,4344,2253,2091
43045,170,90,80
43046,103,54,49
43047,6516,3411,3105
43048,1023,531,492
43049,964,510,454
43050,3526,1788,1738
43051,12326,6016,6310
43901,11505,5792,5713
43053,237,137,100
43054,3742,1810,1932
43055,2807,1405,1402
43056,965,475,490
43057,42,27,15
43058,104,59,45
43059,315,156,159
43060,3491,1751,1740
43061,42,25,17
43062,369,188,181
43063,719,372,347
43064,3009,1534,1475
43065,525,269,256
43066,201,97,104
43067,762,403,359
43068,591,291,300
43069,226,126,100
43070,270,125,145
43071,1146,598,548
43072,118,62,56
43073,100,56,44
43074,2327,1146,1181
43076,599,320,279
43075,94,57,37
43077,577,285,292
43078,1066,544,522
43079,498,275,223
43080,276,150,126
43081,799,410,389
43082,498,275,223
43083,183,90,93
43084,706,380,326
43085,281,147,134
43086,7384,3738,3646
43088,2828,1456,1372
43089,383,206,177
43090,1437,764,673
43091,167,98,69
43092,11809,6140,5669
43093,5642,2798,2844
43094,3071,1525,1546
43095,3649,1848,1801
43096,157,87,70
43097,570,282,288
43098,477,256,221
43100,4739,2384,2355
43099,353,168,185
43101,150,87,63
43102,561,274,287
43103,1265,657,608
43104,2863,1478,1385
43105,210,115,95
43106,998,501,497
43107,503,268,235
43108,2305,1195,1110
43109,3893,1981,1912
43110,328,180,148
43111,2828,1485,1343
43112,335,182,153
43113,512,259,253
43141,114,63,51
43114,441,232,209
43115,159,71,88
43116,589,307,282
43117,179,96,83
43118,709,374,335
43119,1151,586,565
43120,521,296,225
43121,787,387,400
43122,153,80,73
43123,103477,50030,53447
43124,576,318,258
43125,1112,589,523
43126,1701,845,856
43127,1131,591,540
43128,1186,622,564
43129,6565,3375,3190
43130,260,140,120
43131,6461,3305,3156
43132,480,258,222
43133,7961,4111,3850
43134,384,197,187
43135,564,298,266
43905,26775,13856,12919
43136,14611,7123,7488
43137,2551,1314,1237
43902,3481,1734,1747
43138,3777,1916,1861
43139,2697,1336,1361
43140,3328,1681,1647
43142,1544,779,765
43143,60,32,28
43144,1697,846,851
43145,5632,2824,2808
43146,47,32,15
43044,5644,2840,2804
43147,619,318,301
43148,132299,64282,68017
43149,882,451,431
43150,1639,816,823
43151,137,71,66
43152,628,325,303
43153,15992,7821,8171
43154,148,82,66
43155,33510,16607,16903
43156,6240,3209,3031
43157,402,229,173
43158,98,59,39
43159,85,51,34
43160,1738,879,859
43161,24156,12031,12125
43162,6386,3195,3191
43163,37153,18452,18701
43164,410,229,181
43165,746,386,360
43175,635,321,314
43166,2339,1185,1154
43168,117,63,54
43167,549,285,264
43169,579,299,280
43170,1253,655,598
43171,22107,11083,11024
43172,456,237,219
43173,132,74,58
43174,202,111,91
43176,917,505,412
43177,432,222,210
43178,1974,1030,944
43052,1170,570,600
44001,76,48,28
44002,49,31,18
44003,18,6,12
44004,522,258,264
44005,63,36,27
44006,264,134,130
44007,178,98,80
44008,2004,1023,981
44009,1016,517,499
44010,257,137,120
44011,63,38,25
44012,347,193,154
44013,15939,7919,8020
44014,3276,1656,1620
44016,531,281,250
44017,358,200,158
44021,126,63,63
44022,582,295,287
44023,29,16,13
44018,16,11,5
44019,62,37,25
44020,22,13,9
44024,27,17,10
44025,7633,3847,3786
44026,105,61,44
44027,206,103,103
44028,198,96,102
44029,708,355,353
44031,94,46,48
44032,20,12,8
44033,311,172,139
44034,153,86,67
44035,118,64,54
44036,31,18,13
44037,541,273,268
44039,225,107,118
44038,113,54,59
44040,244,125,119
44041,70,44,26
44042,125,74,51
44043,95,62,33
44044,106,57,49
44045,443,252,191
44046,63,34,29
44047,243,130,113
44048,55,31,24
44049,1011,503,508
44050,4319,2138,2181
44051,3708,1842,1866
44052,74,45,29
44053,124,69,55
44054,113,71,42
44055,86,52,34
44056,619,321,298
44059,714,373,341
44060,39,25,14
44061,87,53,34
44062,35,25,10
44063,98,52,46
44064,71,43,28
44065,62,39,23
44066,104,58,46
44070,52,34,18
44071,676,349,327
44067,160,82,78
44068,831,432,399
44074,630,310,320
44075,396,227,169
44076,2606,1351,1255
44077,100,62,38
44080,344,183,161
44082,109,58,51
44084,61,27,34
44085,52,31,21
44086,571,289,282
44087,68,33,35
44088,41,26,15
44089,54,36,18
44090,80,46,34
44092,86,47,39
44093,122,69,53
44094,131,70,61
44096,180,91,89
44097,139,68,71
44099,885,472,413
44100,210,115,95
44101,63,35,28
44102,28,16,12
44103,151,86,65
44105,75,39,36
44106,205,113,92
44107,238,130,108
44108,443,247,196
44109,116,67,49
44110,42,24,18
44111,101,58,43
44112,461,249,212
44113,114,60,54
44114,286,145,141
44115,161,83,78
44116,89,48,41
44117,376,200,176
44118,200,108,92
44119,143,85,58
44120,242,138,104
44121,72,39,33
44122,1709,866,843
44123,119,67,52
44124,85,44,41
44125,67,41,26
44126,414,216,198
44127,65,37,28
44128,70,37,33
44129,40,25,15
44130,34,19,15
44131,34,20,14
44132,78,42,36
44133,24,17,7
44135,101,63,38
44136,55,29,26
44137,249,144,105
44141,172,90,82
44138,129,78,51
44142,27,15,12
44143,519,274,245
44144,417,210,207
44145,1272,664,608
44146,265,131,134
44147,539,285,254
44148,98,58,40
44149,116,67,49
44150,35,23,12
44151,243,125,118
44152,65,46,19
44153,2433,1208,1225
44154,340,201,139
44155,1243,623,620
44156,50,27,23
44157,63,35,28
44158,1541,769,772
44159,55,30,25
44160,551,300,251
44161,599,311,288
44163,133,72,61
44164,25,16,9
44165,217,123,94
44167,45,24,21
44168,205,108,97
44169,377,206,171
44171,226,129,97
44172,364,190,174
44173,122,67,55
44174,487,267,220
44175,126,68,58
44176,169,99,70
44177,110,64,46
44178,53,30,23
44179,439,242,197
44180,76,42,34
44181,88,49,39
44182,221,118,103
44183,79,42,37
44184,43,28,15
44185,114,73,41
44187,243,121,122
44189,48,29,19
44190,68,36,32
44191,908,456,452
44192,453,253,200
44193,112,58,54
44194,143,84,59
44195,93,54,39
44196,144,67,77
44197,61,33,28
44198,206,113,93
44199,50,28,22
44200,38,23,15
44201,627,327,300
44203,17,11,6
44204,26,17,9
44205,783,395,388
44206,125,79,46
44207,148,78,70
44208,37,18,19
44209,1037,528,509
44210,1133,591,542
44211,39,25,14
44212,39,17,22
44213,80,45,35
44215,183,103,80
44216,35691,16974,18717
44217,30,25,5
44218,31,19,12
44219,213,112,101
44220,156,86,70
44223,89,43,46
44224,28,15,13
44225,132,63,69
44227,88,45,43
44221,423,218,205
44222,127,83,44
44226,154,81,73
44228,107,60,47
44229,183,105,78
44230,189,95,94
44231,38,15,23
44232,447,237,210
44234,64,39,25
44235,106,53,53
44236,65,32,33
44237,436,217,219
44238,2970,1534,1436
44239,21,11,10
44240,174,97,77
44241,622,308,314
44243,35,21,14
44244,87,50,37
44245,279,135,144
44246,2388,1207,1181
44247,325,164,161
44249,48,28,20
44250,20,12,8
44251,297,153,144
44252,94,60,34
44256,47,27,20
44257,164,96,68
44258,60,37,23
44260,177,105,72
44261,862,448,414
44262,160,86,74
44263,494,252,242
44264,327,182,145
44265,249,133,116
44266,125,54,71
44267,79,38,41
44268,16,5,11
45001,2244,1116,1128
45002,3562,1874,1688
45003,692,359,333
45004,669,347,322
45005,275,139,136
45006,1703,843,860
45007,797,394,403
45008,162,87,75
45009,542,273,269
45010,434,218,216
45011,305,160,145
45012,783,388,395
45013,2159,1133,1026
45014,5032,2571,2461
45015,829,411,418
45016,6341,3166,3175
45017,289,142,147
45018,856,445,411
45019,10092,5061,5031
45020,1529,763,766
45021,3706,1936,1770
45022,430,220,210
45023,3184,1641,1543
45024,1308,672,636
45025,1789,922,867
45026,240,124,116
45027,347,187,160
45028,4640,2351,2289
45029,210,103,107
45030,539,300,239
45031,3745,1950,1795
45032,556,282,274
45033,364,190,174
45034,1740,893,847
45035,342,183,159
45036,731,373,358
45037,1872,944,928
45038,4761,2469,2292
45039,271,136,135
45040,1743,935,808
45041,5422,2853,2569
45042,208,103,105
45043,917,455,462
45045,1725,898,827
45046,3263,1650,1613
45047,3687,1915,1772
45048,418,230,188
45049,509,258,251
45056,3765,1969,1796
45057,261,139,122
45050,532,281,251
45051,2206,1141,1065
45052,4269,2150,2119
45053,10098,5101,4997
45054,5355,2755,2600
45055,1335,693,642
45058,404,209,195
45059,2201,1132,1069
45060,207,107,100
45061,3199,1648,1551
45062,1437,715,722
45063,439,244,195
45064,5449,2744,2705
45065,233,122,111
45066,11032,5580,5452
45067,3016,1508,1508
45068,187,98,89
45069,2289,1158,1131
45070,1781,897,884
45071,2236,1127,1109
45072,798,428,370
45073,334,169,165
45074,394,217,177
45075,152,92,60
45076,680,361,319
45077,683,351,332
45078,1681,827,854
45079,406,211,195
45080,5,4,1
45081,28064,14238,13826
45082,1405,699,706
45083,685,339,346
45084,2600,1353,1247
45085,2345,1228,1117
45086,573,304,269
45087,10532,5281,5251
45088,3401,1739,1662
45089,1732,889,843
45090,396,191,205
45091,461,227,234
45092,255,125,130
45093,153,80,73
45094,439,223,216
45095,853,427,426
45096,1258,647,611
45097,1265,652,613
45098,2702,1423,1279
45099,4957,2545,2412
45100,222,118,104
45101,4908,2453,2455
45102,4829,2436,2393
45103,407,226,181
45104,506,268,238
45105,408,218,190
45106,9737,4889,4848
45107,4610,2361,2249
45108,538,278,260
45109,3647,1882,1765
45110,2042,1080,962
45111,62,32,30
45112,2567,1351,1216
45113,2171,1111,1060
45114,626,315,311
45115,3486,1771,1715
45116,881,448,433
45117,883,466,417
45118,2767,1419,1348
45119,4846,2534,2312
45120,131,74,57
45121,11067,5593,5474
45122,7657,3936,3721
45123,4279,2269,2010
45124,2624,1311,1313
45125,2658,1308,1350
45126,338,177,161
45127,907,487,420
45128,3238,1629,1609
45129,119,58,61
45130,343,184,159
45131,305,174,131
45132,2907,1502,1405
45133,3788,1891,1897
45134,2188,1098,1090
45135,5278,2676,2602
45136,7811,3969,3842
45137,2188,1103,1085
45138,1246,620,626
45139,161,86,75
45140,1521,776,745
45141,1006,513,493
45142,10918,5413,5505
45143,1511,773,738
45144,945,509,436
45145,4206,2311,1895
45146,105,54,51
45147,741,375,366
45148,289,163,126
45149,594,295,299
45150,438,235,203
45151,726,360,366
45152,694,362,332
45153,1805,907,898
45154,1871,996,875
45155,365,206,159
45156,4238,2142,2096
45157,2946,1546,1400
45158,3217,1649,1568
45901,1024,534,490
45159,100,60,40
45160,1353,678,675
45161,24255,12499,11756
45162,698,379,319
45163,11021,5558,5463
45164,193,103,90
45165,83009,39867,43142
45166,1996,1014,982
45167,1783,890,893
45168,84282,40242,44040
45169,213,110,103
45171,1702,866,836
45170,225,122,103
45172,731,373,358
45173,13278,6544,6734
45174,346,174,172
45175,768,394,374
45176,5336,2755,2581
45177,2558,1274,1284
45179,586,283,303
45180,4218,2136,2082
45181,2865,1490,1375
45182,1127,572,555
45183,3268,1716,1552
45184,229,113,116
45186,3723,1853,1870
45185,9689,4823,4866
45187,4929,2454,2475
45188,3769,1887,1882
45189,867,445,422
45190,539,272,267
45191,620,325,295
45192,3298,1717,1581
45193,728,375,353
45194,73,38,35
45195,2582,1282,1300
45196,1793,897,896
45197,2496,1279,1217
45198,2390,1227,1163
45199,4351,2334,2017
45200,5983,3061,2922
45201,5164,2706,2458
45202,5083,2621,2462
45203,3759,1916,1843
45204,809,419,390
45205,10968,5618,5350
46001,1046,557,489
46002,1393,739,654
46004,2413,1203,1210
46042,4646,2327,2319
46043,155,84,71
46005,29341,14382,14959
46006,5908,2933,2975
46007,16270,8138,8132
46008,3329,1669,1660
46009,3944,1933,2011
46010,1202,632,570
46011,10556,5230,5326
46012,1127,593,534
46013,24222,11838,12384
46014,3983,1947,2036
46016,1297,646,651
46015,9908,4975,4933
46018,654,350,304
46020,5188,2586,2602
46019,11938,5850,6088
46021,31492,15691,15801
46022,20763,10174,10589
46024,539,267,272
46025,3314,1604,1710
46026,1532,792,740
46027,1262,625,637
46023,440,226,214
46028,470,245,225
46029,27285,13559,13726
46030,1019,510,509
46031,13100,6634,6466
46032,7295,3558,3737
46033,258,133,125
46034,2379,1200,1179
46035,8932,4465,4467
46036,637,353,284
46037,1418,687,731
46017,44393,21685,22708
46038,303,198,105
46039,2638,1321,1317
46040,1209,592,617
46041,374,211,163
46003,1162,586,576
46044,5276,2624,2652
46046,1229,638,591
46045,1604,822,782
46047,672,326,346
46048,4549,2274,2275
46049,314,165,149
46050,190,108,82
46051,10878,5555,5323
46052,594,280,314
46053,648,327,321
46054,14668,7128,7540
46055,1746,880,866
46056,224,117,107
46057,582,291,291
46904,974,483,491
46060,11930,5918,6012
46059,1580,789,791
46058,2168,1084,1084
46061,455,234,221
46062,5899,2986,2913
46063,2241,1137,1104
46064,660,346,314
46065,1931,985,946
46066,1576,769,807
46067,2224,1113,1111
46068,418,226,192
46069,180,88,92
46070,23647,11817,11830
46071,524,264,260
46072,4214,2131,2083
46073,1347,677,670
46074,3645,1792,1853
46075,159,85,74
46076,715,367,348
46077,9517,4759,4758
46078,37584,18125,19459
46079,342,193,149
46080,1195,613,582
46081,13588,6799,6789
46082,6575,3367,3208
46083,20424,10107,10317
46084,1876,889,987
46085,15514,7726,7788
46086,93,49,44
46087,136,73,63
46088,172,89,83
46089,2773,1429,1344
46090,2275,1157,1118
46091,145,77,68
46092,306,160,146
46093,2830,1416,1414
46094,27827,13736,14091
46095,696,360,336
46096,334,180,154
46107,2469,1221,1248
46106,1498,773,725
46108,494,267,227
46109,8319,4249,4070
46111,14941,7673,7268
46112,615,325,290
46097,1125,573,552
46098,3160,1564,1596
46099,818,450,368
46100,332,170,162
46105,21918,10910,11008
46113,3128,1554,1574
46114,704,362,342
46115,355,203,152
46116,18050,8780,9270
46117,692,358,334
46118,4800,2369,2431
46119,903,458,445
46120,1432,693,739
46121,122,61,61
46122,3547,1783,1764
46123,2490,1269,1221
46126,7342,3626,3716
46128,2038,1021,1017
46127,3790,1882,1908
46124,979,496,483
46125,1030,513,517
46129,682,376,306
46131,73829,36295,37534
46902,392,184,208
46130,1058,510,548
46132,2828,1427,1401
46133,554,297,257
46134,3276,1704,1572
46135,13058,6334,6724
46136,3462,1771,1691
46137,297,145,152
46138,444,232,212
46139,5914,2904,3010
46140,491,257,234
46141,508,270,238
46142,845,433,412
46144,776,404,372
46154,1049,525,524
46155,1209,623,586
46147,22972,11633,11339
46152,118,62,56
46153,542,271,271
46151,893,466,427
46156,2686,1344,1342
46157,3585,1832,1753
46150,2373,1221,1152
46148,1984,1018,966
46149,504,263,241
46158,1240,657,583
46159,30693,15128,15565
46160,2439,1193,1246
46161,1828,959,869
46162,1575,833,742
46163,2480,1232,1248
46164,15752,7800,7952
46165,9538,4741,4797
46166,10662,5231,5431
46167,346,180,166
46168,2599,1342,1257
46169,43278,21001,22277
46170,4318,2161,2157
46171,21802,10668,11134
46173,1631,820,811
46174,1180,601,579
46175,605,301,304
46176,2822,1509,1313
46172,7583,3939,3644
46177,6291,3187,3104
46178,6205,3240,2965
46179,2975,1500,1475
46180,838,415,423
46181,25199,12380,12819
46183,8225,4124,4101
46182,1766,932,834
46184,35395,17493,17902
46185,446,226,220
46186,25309,12536,12773
46187,1543,797,746
46188,1047,544,503
46189,576,292,284
46190,69156,34254,34902
46191,2777,1460,1317
46192,969,481,488
46193,11409,5652,5757
46194,20709,10439,10270
46195,2688,1359,1329
46196,156,77,79
46199,7840,3940,3900
46202,24068,12112,11956
46200,2537,1236,1301
46203,4482,2254,2228
46197,2459,1237,1222
46198,1014,513,501
46205,19455,9561,9894
46201,61,38,23
46204,8566,4180,4386
46101,992,473,519
46102,24536,11978,12558
46103,1561,746,815
46104,2239,1127,1112
46206,662,348,314
46207,8929,4392,4537
46208,1358,668,690
46209,2370,1180,1190
46210,440,217,223
46212,2152,1105,1047
46211,2395,1170,1225
46213,20227,10093,10134
46214,21992,11157,10835
46215,1734,880,854
46216,7160,3504,3656
46217,1114,560,554
46218,1262,645,617
46219,162,84,78
46220,65669,32173,33496
46221,433,220,213
46903,8846,4374,4472
46222,486,240,246
46223,10245,4990,5255
46224,158,82,76
46225,379,190,189
46226,35,18,17
46227,1143,571,572
46228,3091,1585,1506
46229,1171,633,538
46230,18467,9170,9297
46231,3325,1657,1668
46232,1124,583,541
46233,4884,2381,2503
46234,352,192,160
46235,27460,13531,13929
46236,1109,555,554
46237,9117,4477,4640
46238,17158,8554,8604
46239,650,334,316
46240,280,144,136
46241,459,241,218
46242,397,213,184
46243,148,83,65
46244,81245,40037,41208
46245,640,334,306
46246,1254,629,625
46247,1132,599,533
46248,6623,3470,3153
46249,11540,5759,5781
46250,791413,376748,414665
46251,3036,1538,1498
46252,126,65,61
46253,157,85,72
46254,1242,665,577
46255,4303,2095,2208
46256,9550,4952,4598
46257,7095,3501,3594
46258,3579,1815,1764
46259,586,307,279
46260,3380,1643,1737
46145,29045,14194,14851
46143,5702,2880,2822
46146,2145,1103,1042
46110,29108,14385,14723
46261,2073,1068,1005
46262,227,120,107
46263,365,200,165
47001,58,36,22
47002,23,16,7
47003,244,142,102
47004,1382,740,642
47005,640,345,295
47006,222,120,102
47007,5455,2816,2639
47008,21,10,11
47009,105,68,37
47010,19632,9884,9748
47011,549,306,243
47012,108,50,58
47013,96,54,42
47014,56,36,20
47015,244,134,110
47016,68,35,33
47017,210,115,95
47018,39,24,15
47019,95,53,42
47020,298,169,129
47021,84,47,37
47022,61,26,35
47023,4154,2124,2030
47024,304,164,140
47025,120,62,58
47026,68,40,28
47027,3693,1878,1815
47028,36,20,16
47029,58,33,25
47030,1102,602,500
47031,228,135,93
47032,155,90,65
47033,228,128,100
47034,72,43,29
47035,1024,542,482
47036,244,137,107
47037,174,84,90
47038,110,65,45
47039,179,102,77
47040,63,33,30
47041,161,94,67
47042,65,42,23
47043,309,178,131
47044,372,198,174
47045,861,430,431
47046,147,82,65
47047,225,140,85
47048,225,123,102
47049,94,54,40
47050,5160,2634,2526
47051,381,201,180
47052,9049,4572,4477
47053,144,71,73
47054,691,373,318
47055,209,114,95
47056,100,58,42
47057,307,176,131
47058,226,116,110
47059,126,79,47
47060,257,151,106
47061,272,145,127
47062,173,99,74
47063,110,57,53
47064,34,20,14
47065,913,487,426
47066,1640,844,796
47067,156,81,75
47068,35,17,18
47069,129,67,62
47070,34,18,16
47071,524,248,276
47073,127,63,64
47074,166,97,69
47075,6370,3191,3179
47076,22645,11251,11394
47077,246,158,88
47079,61,32,29
47078,175,94,81
47080,55,27,28
47081,48,24,24
47082,1045,536,509
47083,107,63,44
47084,1590,797,793
47086,4716,2311,2405
47085,20583,9976,10607
47087,428,224,204
47088,110,59,51
47089,157,86,71
47090,3252,1708,1544
47091,78,42,36
47092,116,69,47
47093,884,480,404
47094,158,89,69
47095,41,26,15
47096,142,74,68
47097,366,193,173
47098,669,340,329
47099,159,80,79
47100,139,78,61
47101,2039,1043,996
47102,294,165,129
47103,313,173,140
47104,3654,1797,1857
47105,212,115,97
47106,57,31,26
47109,190,100,90
47110,484,244,240
47111,1142,580,562
47112,3322,1705,1617
47113,185,103,82
47114,5090,2540,2550
47115,298,170,128
47116,457,251,206
47117,330,170,160
47118,167,95,72
47119,91,50,41
47121,593,313,280
47122,2454,1291,1163
47123,541,302,239
47124,496,261,235
47125,55,31,24
47126,48,27,21
47127,158,88,70
47129,1019,535,484
47130,105,54,51
47128,61,28,33
47131,182,97,85
47132,47,27,20
47133,3764,1922,1842
47134,161,88,73
47135,97,56,41
47137,32,19,13
47138,235,132,103
47139,1285,663,622
47140,114,73,41
47141,130,74,56
47142,140,86,54
47143,117,65,52
47144,86,48,38
47145,671,355,316
47146,339,178,161
47147,113,60,53
47148,495,263,232
47149,51,25,26
47150,328,161,167
47151,29,15,14
47156,168,89,79
47152,91,50,41
47153,115,60,55
47154,158,90,68
47155,4346,2231,2115
47157,583,310,273
47158,1094,555,539
47159,1135,595,540
47160,431,229,202
47161,5242,2659,2583
47162,55,31,24
47163,294,142,152
47164,433,233,200
47165,8825,4477,4348
47169,71,36,35
47170,42,24,18
47166,275,134,141
47167,247,127,120
47168,33,21,12
47171,425,223,202
47172,150,79,71
47173,1089,589,500
47174,298,164,134
47175,8547,4364,4183
47176,238,122,116
47177,102,61,41
47178,188,104,84
47179,471,251,220
47180,61,32,29
47181,197,103,94
47182,1657,863,794
47183,133,67,66
47186,298866,140382,158484
47184,647,348,299
47185,100,60,40
47187,94,57,37
47188,108,59,49
47189,162,90,72
47190,113,54,59
47191,108,69,39
47192,108,63,45
47193,2038,1065,973
47195,504,277,227
47196,34,15,19
47197,1033,546,487
47198,82,47,35
47199,74,47,27
47200,83,54,29
47203,65,35,30
47204,274,137,137
47205,505,274,231
47206,82,46,36
47207,309,180,129
47208,67,34,33
47209,35,23,12
47210,458,221,237
47211,55,30,25
47212,400,217,183
47213,123,62,61
47214,1606,791,815
47215,53,27,26
47216,128,75,53
47217,2692,1392,1300
47218,1170,610,560
47219,58,31,27
47220,172,90,82
47221,107,65,42
47222,85,46,39
47223,167,94,73
47224,103,55,48
47225,83,47,36
47226,167,96,71
47227,60,37,23
47228,514,273,241
47229,239,113,126
47194,337,175,162
47230,328,174,154
47231,6212,3181,3031
47232,114,63,51
49002,60,30,30
49003,1074,547,527
49004,123,67,56
49005,130,75,55
49006,145,79,66
49007,402,208,194
49008,462,245,217
49009,438,226,212
49010,405,204,201
49011,229,127,102
49012,76,36,40
49013,247,121,126
49014,116,58,58
49015,232,113,119
49016,260,121,139
49017,261,131,130
49018,317,159,158
49019,258,137,121
49020,281,153,128
49021,18095,8752,9343
49022,325,172,153
49023,1037,553,484
49024,736,369,367
49025,184,109,75
49026,228,121,107
49027,134,66,68
49028,108,64,44
49029,656,341,315
49030,85,44,41
49031,160,85,75
49032,305,142,163
49033,813,407,406
49034,455,235,220
49035,236,126,110
49036,556,283,273
49037,202,110,92
49038,104,56,48
49039,390,209,181
49040,121,61,60
49041,478,261,217
49042,232,113,119
49043,303,155,148
49044,87,48,39
49046,275,152,123
49047,121,68,53
49048,116,60,56
49050,576,306,270
49052,194,107,87
49053,1057,543,514
49054,982,486,496
49055,106,56,50
49056,310,157,153
49057,115,64,51
49058,320,170,150
49059,86,54,32
49061,156,87,69
49062,110,54,56
49063,344,177,167
49064,524,274,250
49065,1225,622,603
49066,519,265,254
49067,376,205,171
49068,476,261,215
49069,339,161,178
49071,761,400,361
49075,138,74,64
49076,375,200,175
49077,180,94,86
49078,160,87,73
49079,110,60,50
49080,702,376,326
49082,379,192,187
49081,1491,741,750
49083,51,24,27
49084,310,164,146
49085,1058,536,522
49086,112,66,46
49087,497,271,226
49088,96,56,40
49090,222,108,114
49091,280,145,135
49092,122,59,63
49093,324,166,158
49094,247,129,118
49095,320,166,154
49096,162,87,75
49097,80,46,34
49098,218,120,98
49099,98,58,40
49100,302,164,138
49101,159,84,75
49102,195,103,92
49103,471,247,224
49104,316,177,139
49105,151,79,72
49107,131,58,73
49108,482,242,240
49109,669,324,345
49110,358,192,166
49112,128,73,55
49111,126,66,60
49113,169,98,71
49114,41,23,18
49115,194,105,89
49116,391,201,190
49117,469,240,229
49118,224,121,103
49119,256,142,114
49120,64,32,32
49121,409,223,186
49122,980,504,476
49123,603,315,288
49124,261,150,111
49126,274,143,131
49125,1705,871,834
49128,576,289,287
49129,1003,532,471
49130,176,91,85
49127,2907,1516,1391
49131,263,137,126
49132,352,182,170
49133,306,161,145
49134,179,102,77
49135,639,328,311
49136,342,165,177
49137,185,104,81
49138,230,126,104
49139,164,89,75
49141,336,171,165
49143,238,117,121
49142,271,139,132
49145,232,124,108
49146,292,145,147
49147,255,128,127
49148,274,129,145
49149,399,199,200
49150,133,57,76
49151,692,364,328
49152,540,287,253
49153,167,86,81
49154,123,71,52
49155,85,45,40
49156,226,117,109
49157,200,108,92
49158,237,125,112
49160,37,20,17
49159,288,150,138
49162,165,90,75
49163,207,105,102
49164,162,80,82
49165,55,30,25
49166,1409,694,715
49167,194,108,86
49170,103,54,49
49168,105,55,50
49169,38,19,19
49171,668,347,321
49172,528,275,253
49173,385,190,195
49174,146,70,76
49175,267,138,129
49176,684,382,302
49177,278,145,133
49178,923,487,436
49179,417,226,191
49180,156,76,80
49181,365,196,169
49183,103,47,56
49184,180,99,81
49185,185,95,90
49186,250,122,128
49187,1401,734,667
49188,133,77,56
49189,219,120,99
49190,52,28,24
49191,286,142,144
49192,141,69,72
49193,463,240,223
49194,347,178,169
49208,395,209,186
49209,520,291,229
49197,170,86,84
49199,262,126,136
49200,1075,551,524
49201,307,154,153
49202,184,107,77
49203,308,160,148
49204,55,25,30
49205,389,200,189
49206,977,490,487
49207,259,129,130
49210,506,254,252
49214,762,393,369
49216,158,93,65
49219,8789,4302,4487
49220,146,78,68
49221,277,144,133
49222,403,205,198
49223,872,455,417
49224,187,92,95
49225,140,74,66
49226,264,141,123
49227,353,183,170
49228,47,28,19
49229,134,66,68
49230,89,48,41
49231,346,166,180
49232,107,50,57
49233,92,52,40
49234,429,231,198
49235,383,195,188
49236,89,47,42
49237,156,82,74
49238,205,107,98
49239,705,362,343
49240,205,110,95
49241,254,140,114
49242,483,252,231
49243,109,56,53
49244,48,29,19
49245,278,137,141
49246,233,130,103
49247,444,218,226
49248,253,123,130
49249,75,41,34
49250,1519,755,764
49251,158,85,73
49252,324,162,162
49255,398,211,187
49256,280,144,136
49257,336,168,168
49258,115,67,48
49259,77,41,36
49260,857,425,432
49263,44,24,20
49264,579,298,281
49261,1858,942,916
49262,418,211,207
49265,126,65,61
49266,75,42,33
49267,104,58,46
49268,404,217,187
49269,238,111,127
49270,168,103,65
49272,82,42,40
49271,194,108,86
49273,190,97,93
49275,61827,28759,33068
50001,97,58,39
50002,165,96,69
50003,146,81,65
50004,631,332,299
50005,235,128,107
50006,1085,545,540
50007,52,34,18
50008,7094,3526,3568
50009,133,77,56
50010,72,41,31
50011,132,68,64
50012,108,57,51
50013,251,122,129
50014,144,83,61
50015,63,36,27
50016,49,32,17
50017,2312,1190,1122
50018,1441,760,681
50019,62,33,29
50020,1036,545,491
50021,29,12,17
50022,567,289,278
50023,252,124,128
50024,691,382,309
50025,7819,3978,3841
50026,579,288,291
50027,256,123,133
50028,95,62,33
50029,708,383,325
50030,213,129,84
50031,160,99,61
50032,309,166,143
50033,72,45,27
50034,1139,579,560
50035,73,43,30
50036,96,52,44
50037,156,96,60
50038,1793,925,868
50039,543,310,233
50040,83,47,36
50041,12,8,4
50042,17,7,10
50043,300,164,136
50044,261,123,138
50045,1528,768,760
50046,198,110,88
50047,47,33,14
50048,33,18,15
50901,140,87,53
50050,98,61,37
50051,948,480,468
50052,97,58,39
50053,808,407,401
50054,56,36,20
50055,4922,2509,2413
50056,498,271,227
50057,1665,847,818
50058,63,33,30
50059,1005,527,478
50060,217,119,98
50061,217,111,106
50062,2432,1233,1199
50063,72,41,31
50064,498,263,235
50065,32,19,13
50066,3891,2055,1836
50067,20035,9865,10170
50068,2861,1500,1361
50069,75,44,31
50070,59,33,26
50071,149,80,69
50072,177,93,84
50073,3276,1655,1621
50074,9525,4918,4607
50075,92,58,34
50076,90,51,39
50077,221,114,107
50078,265,140,125
50079,271,150,121
50080,35,22,13
50081,592,310,282
50092,508,265,243
50093,113,62,51
50082,93,51,42
50083,112,53,59
50084,65,38,27
50085,198,103,95
50086,183,115,68
50087,37,21,16
50088,367,195,172
50089,13055,6674,6381
50090,168,82,86
50091,39,20,19
50094,1996,983,1013
50095,16605,8453,8152
50096,36,19,17
50098,189,96,93
50099,4402,2277,2125
50100,345,175,170
50101,1026,512,514
50102,1152,619,533
50104,386,188,198
50105,354,179,175
50106,141,80,61
50107,1240,615,625
50108,54,35,19
50109,99,61,38
50110,384,211,173
50111,202,111,91
50113,793,422,371
50114,121,68,53
50115,4543,2353,2190
50116,229,122,107
50117,154,86,68
50118,2628,1324,1304
50119,995,524,471
50120,54,30,24
50121,306,161,145
50122,67,40,27
50123,597,310,287
50124,506,274,232
50125,404,212,192
50126,2964,1460,1504
50128,31,19,12
50129,280,147,133
50130,436,241,195
50131,237,128,109
50132,1072,558,514
50133,111,59,52
50134,132,67,65
50135,100,53,47
50136,661,362,299
50138,53,31,22
50137,1162,585,577
50139,342,190,152
50140,166,92,74
50141,127,64,63
50142,28,14,14
50143,763,440,323
50144,35,24,11
50146,237,129,108
50147,945,473,472
50148,310,168,142
50149,34,21,13
50150,827,423,404
50151,701,368,333
50152,2007,1078,929
50153,1133,587,546
50154,151,84,67
50155,100,63,37
50156,259,134,125
50160,3083,1612,1471
50157,323,168,155
50159,942,461,481
50161,98,55,43
50162,181,91,90
50163,5663,2894,2769
50902,86,50,36
50164,465,229,236
50165,2301,1167,1134
50166,271,138,133
50167,240,137,103
50168,32,19,13
50169,432,231,201
50170,413,231,182
50171,94,58,36
50172,212,121,91
50173,159,101,58
50174,94,53,41
50175,1097,537,560
50176,282,162,120
50177,334,178,156
50178,362,186,176
50179,245,132,113
50180,130,64,66
50181,1333,684,649
50182,5479,2855,2624
50183,385,209,176
50184,107,62,45
50185,174,104,70
50186,40,25,15
50187,66,41,25
50188,29,18,11
50189,962,521,441
50190,850,449,401
50191,540,269,271
50192,325,177,148
50193,827,413,414
50194,106,64,42
50195,59,38,21
50196,118,62,56
50197,104,63,41
50198,52,33,19
50199,395,201,194
50200,634,333,301
50201,601,310,291
50202,158,83,75
50203,1293,625,668
50204,3509,1787,1722
50205,90,44,46
50206,577,308,269
50207,97,49,48
50208,2373,1217,1156
50209,3908,2009,1899
50210,37,23,14
50211,303,172,131
50212,36,14,22
50213,101,54,47
50214,22,15,7
50215,21,12,9
50216,284,152,132
50217,574,301,273
50218,120,74,46
50219,6173,3162,3011
50220,44,26,18
50221,36,26,10
50222,1948,990,958
50223,1081,551,530
50224,74,45,29
50225,2815,1486,1329
50227,119,59,60
50228,325,174,151
50229,72,37,35
50241,691,374,317
50230,1324,663,661
50231,304,155,149
50232,198,95,103
50233,112,63,49
50234,286,161,125
50235,3134,1605,1529
50236,108,63,45
50237,125,67,58
50238,98,53,45
50239,61,39,22
50240,1170,589,581
50242,95,58,37
50243,370,208,162
50244,253,136,117
50245,88,47,41
50246,31,20,11
50247,1089,523,566
50248,588,312,276
50249,323,187,136
50250,63,32,31
50251,10509,5203,5306
50252,6914,3447,3467
50253,485,261,224
50254,192,104,88
50255,214,113,101
50256,86,46,40
50257,172,97,75
50258,61,35,26
50259,63,35,28
50260,32,21,11
50261,250,130,120
50262,1446,745,701
50263,206,118,88
50264,180,102,78
50265,89,53,36
50266,120,74,46
50267,650,307,343
50268,55,32,23
50269,418,231,187
50270,38,20,18
50271,271,148,123
50272,18602,9258,9344
50274,64,36,28
50273,30,15,15
50275,112,69,43
50276,142,68,74
50277,68,33,35
50278,215,114,101
50279,90,43,47
50280,360,183,177
50281,74,40,34
50283,88,51,37
50284,170,94,76
50285,830,404,426
50286,99,48,51
50287,319,175,144
50903,2696,1350,1346
50288,4661,2350,2311
50290,463,239,224
50289,46,24,22
50291,102,56,46
50292,274,154,120
50293,466,246,220
50294,68,36,32
50282,77,39,38
50295,49,28,21
50296,455,228,227
50297,666880,319177,347703
50298,8365,4330,4035
51001,85144,43177,41967
52001,86384,43765,42619
